0000000000000000000000000000000000000000000000000000000000000000000000000000000000000000000000000000000000000000000001111000000000000000000000000000000000000000000000000000000000000000000000000000000000000000000000000000000000000000000000000000000000
0000000000000000000000000000000000000000000000000000000000000000000000000000000000000000000000000000000000000000000001111011100000000000000000000000000000000000000000000000000000000000000000000000000000000000000000000000000000000000000000000000000000
0000000000000000000000000000000000000000000000000000000000000000000000000000000000000000000000000000000000000000111001111111100000000000000000000000000000000000000000000000000000000000000000000000000000000000000000000000000000000000000000000000000000
0000000000000000000000000000000000000000000000000000000000000000000000000000000000000000000000000000000000000001111001111111100000000000000000000000000000000000000000000000000000000000000000000000000000000000000000000000000000000000000000000000000000
0000000000000000000000000000000000000000000000000000000000000000000000000000000000000000000000000000000000000011111001111111100000000000000000000000000000000000000000000000000000000000000000000000000000000000000000000000000000000000000000000000000000
0000000000000000000000000000000000000000000000000000000000000000000000000000000000000000000000000000000000000111111001111111100000000000000000000000000000000000000000000000000000000000000000000000000000000000000000000000000000000000000000000000000000
0000000000000000000000000000000000000000000000000000000000000000000000000000000000000000000000000000000000000111111001111111100000000000000000000000000000000000000000000000000000000000000000000000000000000000000000000000000000000000000000000000000000
0000000000000000000000000000000000000000000000000000000000000000000000000000000000000000000000000000000000001111110001111111100000000000000000000000000000000000000000000000000000000000000000000000000000000000000000000000000000000000000000000000000000
0000000000000000000000000000000000000000000000000000000000000000000000000000000000000000000000000000000000011111110001111111100000000000000000000000000000000000000000000000000000000000000000000000000000000000000000000000000000000000000000000000000000
0000000000000000000000000000000000000000000000000000000000000000000000000000000000000000000000000000000000011111100001111111100000000000000000000000000000000000000000000000000000000000000000000000000000000000000000000000000000000000000000000000000000
0000000000000000000000000000000000000000000000000000000000000000000000000000000000000000000000000000000001111111000001111111100000000000000000000000000000000000000000000000000000000000000000000000000000000000000000000000000000000000000000000000000000
0000000000000000000000000000000000000000000000000000000000000000000000000000000000000000000000000000000011111111100001111111100000000000000000000000000000000000000000000000000000000000000000000000000000000000000000000000000000000000000000000000000000
0000000000000000000000000000000000000000000000000000000000000000000000000000000000000000000000000000000011111111100001111111100000000000000000000000000000000000000000000000000000000000000000000000000000000000000000000000000000000000000000000000000000
0000000000000000000000000000000000000000000000000000000000000000000000000000000000000000000000000000000011111111100001111111100000000000000000000000000000000000000000000000000000000000000000000000000000000000000000000000000000000000000000000000000000
0000000000000000000000000000000000000000000000000000000000000000000000000000000000000000000000000000000011111111100011111111100000000000000000000000000000000000000000000000000000000000000000000000000000000000000000000000000000000000000000000000000000
0000000000000000000000000000000000000000000000000000000000000000000000000000000000000000000000000000000011111111100011111111100000000000000000000000000000000000000000000000000000000000000000000000000000000000000000000000000000000000000000000000000000
0000000000000000000000000000000000000000000000000000000000000000000000000000000000000000000000000000000111111111100011111111100000000000000000000000000000000000000000000000000000000000000000000000000000000000000000000000000000000000000000000000000000
0000000000000000000000000000000000000000000000000000000000000000000000000000000000000000000000000000001111111111100111111111100000000000000000000000000000000000000000000000000000000000000000000000000000000000000000000000000000000000000000000000000000
0000000000000000000000000000000000000000000000000000000000000000000000000000000000000000000000000000001111111111100111111111100000000000000000000000000000000000000000000000000000000000000000000000000000000000000000000000000000000000000000000000000000
0000000000000000000000000000000000000000000000000000000000000000000000000000000000000000000000000000001111111111100111111111100000000000000000000000000000000000000000000000000000000000000000000000000000000000000000000000000000000000000000000000000000
0000000000000000000000000000000000000000000000000000000000000000000000000000000000000000000000000000001111111111100111111111110000000000000000000000000000000000000000000000000000000000000000000000000000000000000000000000000000000000000000000000000000
0000000000000000000000000000000000000000000000000000000000000000000000000000000000000000000000000000001111111111101111111111111000000000000000000000000000000000000000000000000000000000000000000000000000000000000000000000000000000000000000000000000000
0000000000000000000000000000000000000000000000000000000000000000000000000000000000000000000000000000011111111111111111111111111100000000000000000000000000000000000000000000000000000000000000000000000000000000000000000000000000000000000000000000000000
0000000000000000000000000000000000000000000000000000000000000000000000000000000000000000000000000000111111111111111111111111111100000000000000000000000000000000000000000000000000000000000000000000000000000000000000000000000000000000000000000000000000
0000000000000000000000000000000000000000000000000000000000000000000000000000000000000000000000000001111111111111111111111111111100000000000000000000000000000000000000000000000000000000000000000000000000000000000000000000000000000000000000000000000000
0000000000000000000000000000000000000000000000000000000000000000000000000000000000000000000000000001111111111111111111111111111110000000000000000000000000000000000000000000000000000000000000000000000000000000000000000000000000000000000000000000000000
0000000000000000000000000000000000000000000000000000000000000000000000000000000000000000000000000001111111111111111111111111111110000000000000000000000000000000000000000000000000000000000000000000000000000000000000000000000000000000000000000000000000
0000000000000000000000000000000000000000000000000000000000000000000000000000000000000000000000000001111111111111111111111111111110000000000000000000000000000000000000000000000000000000000000000000000000000000000000000000000000000000000000000000000000
0000000000000000000000000000000000000000000000000000000000000000000000000000000000000000000000000001111111011111111111111111111110000000000000000000000000000000000000000000000000000000000000000000000000000000000000000000000000000000000000000000000000
0000000000000000000000000000000000000000000000000000000000000000000000000000000000000000000000000011111110011110111111110111111111000000000000000000000000000000000000000000000000000000000000000000000000000000000000000000000000000000000000000000000000
0000000000000000000000000000000000000000000000000000000000000000000000000000000000000000000000000011111110111110111111110111111111100000000000000000000000000000000000000000000000000000000000000000000000000000000000000000000000000000000000000000000000
0000000000000000000000000000000000000000000000000000000000000000000000000000000000000000000000000011111101111110111111100111111111100000000000000000000000000000000000000000000000000000000000000000000000000000000000000000000000000000000000000000000000
0000000000000000000000000000000000000000000000000000000000000000000000000000000000000000000000000111111001111100111111100011111111110000000000000000000000000000000000000000000000000000000000000000000000000000000000000000000000000000000000000000000000
0000000000000000000000000000000000000000000000000000000000000000000000000000000000000000000000000111111011111001111111100001111111111000000000000000000000000000000000000000000000000000000000000000000000000000000000000000000000000000000000000000000000
0000000000000000000000000000000000000000000000000000000000000000000000000000000000000000000000001111110011111001111111100000111111111100000000000000000000000000000000000000000000000000000000000000000000000000000000000000000000000000000000000000000000
0000000000000000000000000000000000000000000000000000000000000000000000000000000000000000000000011111110011111011111111000000011111111100000000000000000000000000000000000000000000000000000000000000000000000000000000000000000000000000000000000000000000
0000000000000000000000000000000000000000000000000000000000000000000000000000000000000000000000111111100011110011111110000000011111111110000000000000000000000000000000000000000000000000000000000000000000000000000000000000000000000000000000000000000000
0000000000000000000000000000000000000000000000000000000000000000000000000000000000000000000000111111100111100011111100000000001111111111000000000000000000000000000000000000000000000000000000000000000000000000000000000000000000000000000000000000000000
0000000000000000000000000000000000000000000000000000000000000000000000000000000000000000000001111111000111100011111100000000001111111111100000000000000000000000000000000000000000000000000000000000000000000000000000000000000000000000000000000000000000
0000000000000000000000000000000000000000000000000000000000000000000000000000000000000000000011111110001111100011111100000000001111111111110000000000000000000000000000000000000000000000000000000000000000000000000000000000000000000000000000000000000000
0000000000000000000000000000000000000000000000000000000000000000000000000000000000000000000111111100001111100011111100000000000111111111111000000000000000000000000000000000000000000000000000000000000000000000000000000000000000000000000000000000000000
0000000000000000000000000000000000000000000000000000000000000000000000000000000000000000000111111000001111000011111100000000000011111111111000000000000000000000000000000000000000000000000000000000000000000000000000000000000000000000000000000000000000
0000000000000000000000000000000000000000000000000000000000000000000000000000000000000000000111111000011111000111111100000000000011111111111100000000000000000000000000000000000000000000000000000000000000000000000000000000000000000000000000000000000000
0000000000000000000000000000000000000000000000000000000000000000000000000000000000000000000111111000111110001111111100000000000011111111111110000000000000000000000000000000000000000000000000000000000000000000000000000000000000000000000000000000000000
0000000000000000000000000000000000000000000000000000000000000000000000000000000000000000000111111000111110001111111000000000000001111111111110000000000000000000000000000000000000000000000000000000000000000000000000000000000000000000000000000000000000
0000000000000000000000000000000000000000000000000000000000000000000000000000000000000000000111111000111100001111111000000000000001111111111111000000000000000000000000000000000000000000000000000000000000000000000000000000000000000000000000000000000000
0000000000000000000000000000000000000000000000000000000000000000000000000000000000000000000111111001111100001111110000000000000001111111111111000000000000000000000000000000000000000000000000000000000000000000000000000000000000000000000000000000000000
0000000000000000000000000000000000000000000000000000000000000000000000000000000000000000000111111001111100001111100000000000000001111111111111000000000000000000000000000000000000000000000000000000000000000000000000000000000000000000000000000000000000
0000000000000000000000000000000000000000000000000000000000000000000000000000000000000000001111110001111000001111000000000000000000111111111111100000000000000000000000000000000000000000000000000000000000000000000000000000000000000000000000000000000000
0000000000000000000000000000000000000000000000000000000000000000000000000000000000000000011111110011111000011111000000000000000000011111111111110000000000000000000000000000000000000000000000000000000000000000000000000000000000000000000000000000000000
0000000000000000000000000000000000000000000000000000000000000000000000000000000000000000011111100011111000011111000000000000000000001111111111111000000000000000000000000000000000000000000000000000000000000000000000000000000000000000000000000000000000
0000000000000000000000000000000000000000000000000000000000000000000000000000000000000000011111100111110000111111000000000000000000001111111111111000000000000000000000000000000000000000000000000000000000000000000000000000000000000000000000000000000000
0000000000000000000000000000000000000000000000000000000000000000000000000000000000000000011111100111100000111111000000000000000000001111111111111100000000000000000000000000000000000000000000000000000000000000000000000000000000000000000000000000000000
0000000000000000000000000000000000000000000000000000000000000000000000000000000000000000111111101111100000111111000000000000000000001111111111111100000000000000000000000000000000000000000000000000000000000000000000000000000000000000000000000000000000
0000000000000000000000000000000000000000000000000000000000000000000000000000000000000000111111011111100000111111000000000000000000000111111111111110000000000000000000000000000000000000000000000000000000000000000000000000000000000000000000000000000000
0000000000000000000000000000000000000000000000000000000000000000000000000000000000000001111111011111000001111111000000000000000000000111111111111111000000000000000000000000000000000000000000000000000000000000000000000000000000000000000000000000000000
0000000000000000000000000000000000000000000000000000000000000000000000000000000000000011111111011111000011111111000000000000000000000011111111111111100000000000000000000000000000000000000000000000000000000000000000000000000000000000000000000000000000
0000000000000000000000000000000000000000000000000000000000000000000000000000000000000111111111111111000111111110000000000000000000000001111111111111100000000000000000000000000000000000000000000000000000000000000000000000000000000000000000000000000000
0000000000000000000000000000000000000000000000000000000000000000000000000000000000001111111111111110000111111100000000000000000000000001111111111111110000000000000000000000000000000000000000000000000000000000000000000000000000000000000000000000000000
0000000000000000000000000000000000000000000000000000000000000000000000000000000000001111111111111100000111111100000000000000000000000001111111111111111000000000000000000000000000000000000000000000000000000000000000000000000000000000000000000000000000
0000000000000000000000000000000000000000000000000000000000000000000000000000000000001111111111111000001111111100000000000000000000000001111111111111111000000000000000000000000000000000000000000000000000000000000000000000000000000000000000000000000000
0000000000000000000000000000000000000000000000000000000000000000000000000000000000001111111111111000001111111100000000000000000000000001111111111111111100000000000000000000000000000000000000000000000000000000000000000000000000000000000000000000000000
0000000000000000000000000000000000000000000000000000000000000000000000000000000000001111111111111000011111111100000000000000000000000000111111111111111110000000000000000000000000000000000000000000000000000000000000000000000000000000000000000000000000
0000000000000000000000000000000000000000000000000000000000000000000000000000000000001111111111110000011111111100000000000000000000000000011110111111111111000000000000000000000000000000000000000000000000000000000000000000000000000000000000000000000000
0000000000000000000000000000000000000000000000000000000000000000000000000000000000001111111111110000111111111100000000000000000000000000011111111111111111100000000000000000000000000000000000000000000000000000000000000000000000000000000000000000000000
0000000000000000000000000000000000000000000000000000000000000000000000000000000000011111111111110001111111111000000000000000000000000000011111111111011111110000000000000000000000000000000000000000000000000000000000000000000000000000000000000000000000
0000000000000000000000000000000000000000000000000000000000000000000000000000000000011111111111100001111111110000000000000000000000000000001111111111001111110000000000000000000000000000000000000000000000000000000000000000000000000000000000000000000000
0000000000000000000000000000000000000000000000000000000000000000000000000000000000111111111111000011111111110000000000000000000000000000000111111111100111111000000000000000000000000000000000000000000000000000000000000000000000000000000000000000000000
0000000000000000000000000000000000000000000000000000000000000000000000000000000001111111111111000111111111100000000000000000000000000000000111111111110111111100000000000000000000000000000000000000000000000000000000000000000000000000000000000000000000
0000000000000000000000000000000000000000000000000000000000000000000000000000000001111111111111000111111111100000000000000000000000000000000111111111110011111100000000000000000000000000000000000000000000000000000000000000000000000000000000000000000000
0000000000000000000000000000000000000000000000000000000000000000000000000000000001111111111110000111111111100000000000000000000000000000000011111111111001111110000000000000000000000000000000000000000000000000000000000000000000000000000000000000000000
0000000000000000000000000000000000000000000000000000000000000000000000000000000001111111111100000111111111100000000000000000000000000000000001111111111101111111000000000000000000000000000000000000000000000000000000000000000000000000000000000000000000
0000000000000000000000000000000000000000000000000000000000000000000000000000000001111111111100001111111111000000000000000000000000000000000001111111111110111111100000000000000000000000000000000000000000000000000000000000000000000000000000000000000000
0000000000000000000000000000000000000000000000000000000000000000000000000000000011110111111100011111011110000000000000000000000000000000000000111111111111011111110000000000000000000000000000000000000000000000000000000000000000000000000000000000000000
0000000000000000000000000000000000000000000000000000000000000000000000000000000111110111111000011111111110000000000000000000000000000000000000111111111111101111110000000000000000000000000000000000000000000000000000000000000000000000000000000000000000
0000000000000000000000000000000000000000000000000000000000000000000000000000001111110111110000011111111110000000000000000000000000000000000000111111111111101111111000000000000000000000000000000000000000000000000000000000000000000000000000000000000000
0000000000000000000000000000000000000000000000000000000000000000000000000000011111111111100000111111111110000000000000000000000000000000000000011111111111110111111100000000000000000000000000000000000000000000000000000000000000000000000000000000000000
0000000000000000000000000000000000000000000000000000000000000000000000000000111111111111100000111111111110000000000000000000000000000000000000011111111111111011111110000000000000000000000000000000000000000000000000000000000000000000000000000000000000
0000000000000000000000000000000000000000000000000000000000000000000000000000111111111111100000111111111100000000000000000000000000000000000000001111111111111101111111000000000000000000000000000000000000000000000000000000000000000000000000000000000000
0000000000000000000000000000000000000000000000000000000000000000000000000000111110111111000001111111111000000000000000000000000000000000000000000111111111111100111111000000000000000000000000000000000000000000000000000000000000000000000000000000000000
0000000000000000000000000000000000000000000000000000000000000000000000000000111110111111000001111111110000000000000000000000000000000000000000000011111111111110111111100000000000000000000000000000000000000000000000000000000000000000000000000000000000
0000000000000000000000000000000000000000000000000000000000000000000000000000111100111111000001111111110000000000000000000000000000000000000000000011111111111111011111110000000000000000000000000000000000000000000000000000000000000000000000000000000000
0000000000000000000000000000000000000000000000000000000000000000000000000001111000111110000001111111100000000000000000000000000000000000000000000011111011111111001111110000000000000000000000000000000000000000000000000000000000000000000000000000000000
0000000000000000000000000000000000000000000000000000000000000000000000000011111000111110000001111111100000000000000000000000000000000000000000000011111111111111100111111000000000000000000000000000000000000000000000000000000000000000000000000000000000
0000000000000000000000000000000000000000000000000000000000000000000000000111111001111110000011111111100000000000000000000000000000000000000000000011111111111111110111111100000000000000000000000000000000000000000000000000000000000000000000000000000000
0000000000000000000000000000000000000000000000000000000000000000000000000111111001111100000011111111100000000000000000000000000000000000000000000001111110111111111011111110000000000000000000000000000000000000000000000000000000000000000000000000000000
0000000000000000000000000000000000000000000000000000000000000000000000001111110001111100000011111111000000000000000000000000000000000000000000000000111111011111111101111111000000000000000000000000000000000000000000000000000000000000000000000000000000
0000000000000000000000000000000000000000000000000000000000000000000000011111110001111100000011111110000000000000000000000000000000000000000000000000011111011111111110111111100000000000000000000000000000000000000000000000000000000000000000000000000000
0000000000000000000000000000000000000000000000000000000000000000000000011111100001111000000011111100000000000000000000000000000000000000000000000000001111001111111110011111100000000000000000000000000000000000000000000000000000000000000000000000000000
0000000000000000000000000000000000000000000000000000000000000000000000011111000011111000000111111000000000000000000000000000000000000000000000000000001111100111111111011111110000000000000000000000000000000000000000000000000000000000000000000000000000
0000000000000000000000000000000000000000000000000000000000000000000000011111000011111000001111111000000000000000000000000000000000000000000000000000001111100011111111001111111000000000000000000000000000000000000000000000000000000000000000000000000000
0000000000000000000000000000000000000000000000000000000000000000000000111110000111110000001111110000000000000000000000000000000000000000000000000000000111100001111111000111111000000000000000000000000000000000000000000000000000000000000000000000000000
0000000000000000000000000000000000000000000000000000000000000000000000111110000111110000011111110000000000000000000000000000000000000000000000000000000111100000111111000011111100000000000000000000000000000000000000000000000000000000000000000000000000
0000000000000000000000000000000000000000000000000000000000000000000001111110000111110000111111110000000000000000000000000000000000000000000000000000000111110000111111100011111110000000000000000000000000000000000000000000000000000000000000000000000000
0000000000000000000000000000000000000000000000000000000000000000000011111110001111110000111111110000000000000000000000000000000000000000000000000000000111110000011111110000111111100000000000000000000000000000000000000000000000000000000000000000000000
0000000000000000000000000000000000000000000000000000000000000000000111111100011111110000111111100000000000000000000000000000000000000000000000000000000011111000001111110000011111110000000000000000000000000000000000000000000000000000000000000000000000
0000000000000000000000000000000000000000000000000000000000000000000111111000011111100001111111100000000000000000000000000000000000000000000000000000000011111100001111111000001111111000000000000000000000000000000000000000000000000000000000000000000000
0000000000000000000000000000000000000000000000000000000000000000000111110000011111000011111111100000000000000000000000000000000000000000000000000000000011111110000111111100000111111000000000000000000000000000000000000000000000000000000000000000000000
0000000000000000000000000000000000000000000000000000000000000000000111100000111110000111111111100000000000000000000000000000000000000000000000000000000001111110000011111110000011111100000000000000000000000000000000000000000000000000000000000000000000
0000000000000000000000000000000000000000000000000000000000000000001111100000111110001111111111100000000000000000000000000000000000000000000000000000000001111110000001111111000011111110000000000000000000000000000000000000000000000000000000000000000000
0000000000000000000000000000000000000000000000000000000000000000011111000000111100001111111111000000000000000000000000000000000000000000000000000000000000111110000000111111000001111111000000000000000000000000000000000000000000000000000000000000000000
0000000000000000000000000000000000000000000000000000000000000000011111000001111100001111111110000000000000000000000000000000000000000000000000000000000000011110000000011111100000111111000000000000000000000000000000000000000000000000000000000000000000
0000000000000000000000000000000000000000000000000000000000000000111111000001111100001111111100000000000000000000000000000000000000000000000000000000000000001111000000011111100000111111000000000000000000000000000000000000000000000000000000000000000000
0000000000000000000000000000000000000000000000000000000000000001111111000011111000001111111000000000000000000000000000000000000000000000000000000000000000001111100000011111100000011111100000000000000000000000000000000000000000000000000000000000000000
0000000000000000000000000000000000000000000000000000000000000001111110000011111000001111110000000000000000000000000000000000000000000000000000000000000000001111110000011111100000001111100000000000000000000000000000000000000000000000000000000000000000
0000000000000000000000000000000000000000000000000000000000000011111100000011111000001111110000000000000000000000000000000000000000000000000000000000000000001111111000011111110000000111110000000000000000000000000000000000000000000000000000000000000000
0000000000000000000000000000000000000000000000000000000000000111111100000111111000001111110000000000000000000000000000000000000000000000000000000000000000000111111100001111111000000111110000000000000000000000000000000000000000000000000000000000000000
0000000000000000000000000000000000000000000000000000000000001111111000000111110000001111110000000000000000000000000000000000000000000000000000000000000000000011111100000111111000000011110000000000000000000000000000000000000000000000000000000000000000
0000000000000000000000000000000000000000000000000000000000011111110000000111110000011111110000000000000000000000000000000000000000000000000000000000000000000011111110000011111100000011111000000000000000000000000000000000000000000000000000000000000000
0000000000000000000000000000000000000000000000000000000000111111100000001111110000011111100000000000000000000000000000000000000000000000000000000000000000000001111111000011111100000001111100000000000000000000000000000000000000000000000000000000000000
0000000000000000000000000000000000000000000000000000000000111111000000001111110000011111000000000000000000000000000000000000000000000000000000000000000000000000111111000001111100000001111110000000000000000000000000000000000000000000000000000000000000
0000000000000000000000000000000000000000000000000000000001111111000000001111100000111111000000000000000000000000000000000000000000000000000000000000000000000000011111100000111110000000111110000000000000000000000000000000000000000000000000000000000000
0000000000000000000000000000000000000000000000000000000011111110000000011111100000111111000000000000000000000000000000000000000000000000000000000000000000000000011111110000111111000000011110000000000000000000000000000000000000000000000000000000000000
0000000000000000000000000000000000000000000000000000000011111100000000011111000000111111000000000000000000000000000000000000000000000000000000000000000000000000001111110000011111000000011110000000000000000000000000000000000000000000000000000000000000
0000000000000000000000000000000000000000000000000000000111111000000000011111000001111111000000000000000000000000000000000000000000000000000000000000000000000000000111110000011111000000011110000000000000000000000000000000000000000000000000000000000000
0000000000000000000000000000000000000000000000000000001111111000000000111110000001111111000000000000000000000000000000000000000000000000000000000000000000000000000011110000011111100000011110000000000000000000000000000000000000000000000000000000000000
0000000000000000000000000000000000000000000000000000011111110000000001111110000001111110000000000000000000000000000000000000000000000000000000000000000000000000000011111000011111110000001110000000000000000000000000000000000000000000000000000000000000
0000000000000000000000000000000000000000000000000000011111100000000011111100000001111100000000000000000000000000000000000000000000000000000000000000000000000000000011111000001111111000001111000000000000000000000000000000000000000000000000000000000000
0000000000000000000000000000000000000000000000000000111111000000000011111100000011111100000000000000000000000000000000000000000000000000000000000000000000000000000011111100000111111100001111000000000000000000000000000000000000000000000000000000000000
0000000000000000000000000000000000000000000000000001111111000000000011111000000111111000000000000000000000000000000000000000000000000000000000000000000000000000000011111110000011111110001111000000000000000000000000000000000000000000000000000000000000
0000000000000000000000000000000000000000000000000011111110000000000111110000000111110000000000000000000000000000000000000000000000000000000000000000000000000000000001111110000001111110001111000000000000000000000000000000000000000000000000000000000000
0000000000000000000000000000000000000000000000000011111100000000001111110000001111110000000000000000000000000000000000000000000000000000000000000000000000000000000000111110000001111111001111100000000000000000000000000000000000000000000000000000000000
0000000000000000000000000000000000000000000000000011111000000000011111100000011111110000000000000000000000000000000000000000000000000000000000000000000000000000000000011110000000111111101111110000000000000000000000000000000000000000000000000000000000
0000000000000000000000000000000000000000000000000011110000000000011111100000111111100000000000000000000000000000000000000000000000000000000000000000000000000000000000011111000000011111100111110000000000000000000000000000000000000000000000000000000000
0000000000000000000000000000000000000000000000000011110000000000111111100001111111000000000000000000000000000000000000000000000000000000000000000000000000000000000000011111100000011111110011111000000000000000000000000000000000000000000000000000000000
0000000000000000000000000000000000000000000000000011110000000000111111000011111110000000000000000000000000000000000000000000000000000000000000000000000000000000000000011111100000011111110011111100000000000000000000000000000000000000000000000000000000
0000000000000000000000000000000000000000000000000011110000000000111110000011111100000000000000000000000000000000000000000000000000000000000000000000000000000000000000001111100000001111110001111100000000000000000000000000000000000000000000000000000000
0000000000000000000000000000000000000000000000000111110000000001111110000111111000000000000000000000000000000000000000000000000000000000000000000000000000000000000000000111110000001111111000111100000000000000000000000000000000000000000000000000000000
0000000000000000000000000000000000000000000000001111110000000011111110000111111000000000000000000000000000000000000000000000000000000000000000000000000000000000000000000111111000001111111000111110000000000000000000000000000000000000000000000000000000
0000000000000000000000000000000000000000000000001111110000000111111100000111110000000000000000000000000000000000000000000000000000000000000000000000000000000000000000000011111000000111111100111111000000000000000000000000000000000000000000000000000000
0000000000000000000000000000000000000000000000011111100000000111111000001111110000000000000000000000000000000000000000000000000000000000000000000000000000000000000000000001111000000011111110011111000000000000000000000000000000000000000000000000000000
0000000000000000000000000000000000000000000000111111100000001111111000011111110000000000000000000000000000000000000000000000000000000000000000000000000000000000000000000001111100000001111111001111000000000000000000000000000000000000000000000000000000
0000000000000000000000000000000000000000000001111111000000011111111000111111110000000000000000000000000000000000000000000000000000000000000000000000000000000000000000000001111110000000111111001111100000000000000000000000000000000000000000000000000000
0000000000000000000000000000000000000000000001111110000000011111110000111111110000000000000000000000000000000000000000000000000000000000000000000000000000000000000000000001111110000000111111001111110000000000000000000000000000000000000000000000000000
0000000000000000000000000000000000000000000011111110000000011111100001111111110000000000000000000000000000000000000000000000000000000000000000000000000000000000000000000001111111000000011111000111111000000000000000000000000000000000000000000000000000
0000000000000000000000000000000000000000000011111100000000011111100011111111100000000000000000000000000000000000000000000000000000000000000000000000000000000000000000000000111111100000001111000011111000000000000000000000000000000000000000000000000000
0000000000000000000000000000000000000000000011111000000000011111100111110111100000000000000000000000000000000000000000000000000000000000000000000000000000000000000000000000011111110000001111100001111100000000000000000000000000000000000000000000000000
0000000000000000000000000000000000000000000111110000000000111111001111111111100000000000000000000000000000000000000000000000000000000000000000000000000000000000000000000000001111111000001111100001111110000000000000000000000000000000000000000000000000
0000000000000000000000000000000000000000001111110000000000111110001111111111100000000000000000000000000000000000000000000000000000000000000000000000000000000000000000000000000111111000000111110001111111000000000000000000000000000000000000000000000000
0000000000000000000000000000000000000000011111000000000001111100001111111111000000000000000000000000000000000000000000000000000000000000000000000000000000000000000000000000000011111100000111110000111111000000000000000000000000000000000000000000000000
0000000000000000000000000000000000000000111111000000000011111100011111111110000000000000000000000000000000000000000000000000000000000000000000000000000000000000000000000000000011111100000111111000111111100000000000000000000000000000000000000000000000
0000000000000000000000000000000000000000111110000000000111111100111111111110000000000000000000000000000000000000000000000000000000000000000000000000000000000000000000000000000001111100000011111100011111110000000000000000000000000000000000000000000000
0000000000000000000000000000000000000000111100000000000111111100111111111100000000000000000000000000000000000000000000000000000000000000000000000000000000000000000000000000000000111100000001111100001111110000000000000000000000000000000000000000000000
0000000000000000000000000000000000000000111100000000001111111101111111111100000000000000000000000000000000000000000000000000000000000000000000000000000000000000000000000000000000111110000001111110000111111000000000000000000000000000000000000000000000
0000000000000000000000000000000000000001111100000000011111111111111111111000000000000000000000000000000000000000000000000000000000000000000000000000000000000000000000000000000000111111000001111111000111111100000000000000000000000000000000000000000000
0000000000000000000000000000000000000001111000000000111111111011111111110000000000000000000000000000000000000000000000000000000000000000000000000000000000000000000000000000000000111111000000111111100011111110000000000000000000000000000000000000000000
0000000000000000000000000000000000000001111000000000111111111111110111110000000000000000000000000000000000000000000000000000000000000000000000000000000000000000000000000000000000011111000000111111110001111111000000000000000000000000000000000000000000
0000000000000000000000000000000000000001111000000001111111111111111111100000000000000000000000000000000000000000000000000000000000000000000000000000000000000000000000000000000000011111000000111111111000111111100000000000000000000000000000000000000000
0000000000000000000000000000000000000001111000000011111111111111111111000000000000000000000000000000000000000000000000000000000000000000000000000000000000000000000000000000000000001111000000011111111000011111100000000000000000000000000000000000000000
0000000000000000000000000000000000000001111000000111111111011111111111000000000000000000000000000000000000000000000000000000000000000000000000000000000000000000000000000000000000000111100000011111111100001111110000000000000000000000000000000000000000
0000000000000000000000000000000000000011111000001111111111111111111111000000000000000000000000000000000000000000000000000000000000000000000000000000000000000000000000000000000000000111110000001111111100001111111000000000000000000000000000000000000000
0000000000000000000000000000000000000011111000001111111110111111111111000000000000000000000000000000000000000000000000000000000000000000000000000000000000000000000000000000000000000111111000000111111100000111111000000000000000000000000000000000000000
0000000000000000000000000000000000000111111000001111111101111101111110000000000000000000000000000000000000000000000000000000000000000000000000000000000000000000000000000000000000000111111000000111111110000011111100000000000000000000000000000000000000
0000000000000000000000000000000000001111111000011111111111111111111110000000000000000000000000000000000000000000000000000000000000000000000000000000000000000000000000000000000000000011111100000011111111000011111110000000000000000000000000000000000000
0000000000000000000000000000000000011111110000111111111111111111111100000000000000000000000000000000000000000000000000000000000000000000000000000000000000000000000000000000000000000011111110000001111111000001111111000000000000000000000000000000000000
0000000000000000000000000000000000011111100000111111111111111111111000000000000000000000000000000000000000000000000000000000000000000000000000000000000000000000000000000000000000000001111111000000111111000000111111100000000000000000000000000000000000
0000000000000000000000000000000000111111000000111111111111110111110000000000000000000000000000000000000000000000000000000000000000000000000000000000000000000000000000000000000000000000111111100000111111100000011111110000000000000000000000000000000000
0000000000000000000000000000000001111111000001111101111111100111110000000000000000000000000000000000000000000000000000000000000000000000000000000000000000000000000000000000000000000000011111100000111111110000011111110000000000000000000000000000000000
0000000000000000000000000000000001111110000001111101111111000111100000000000000000000000000000000000000000000000000000000000000000000000000000000000000000000000000000000000000000000000001111110000011111110000001111110000000000000000000000000000000000
0000000000000000000000000000000001111100000001111001111111011111000000000000000000000000000000000000000000000000000000000000000000000000000000000000000000000000000000000000000000000000001111111000011111110000000111110000000000000000000000000000000000
0000000000000000000000000000000001111000000011111001111111011110000000000000000000000000000000000000000000000000000000000000000000000000000000000000000000000000000000000000000000000000000111111100001111111000000011110000000000000000000000000000000000
0000000000000000000000000000000011110000000011111011111110111110000000000000000000000000000000000000000000000000000000000000000000000000000000000000000000000000000000000000000000000000000011111100001111111100000001111000000000000000000000000000000000
0000000000000000000000000000000111110000000111110111111101111110000000000000000000000000000000000000000000000000000000000000000000000000000000000000000000000000000000000000000000000000000001111110001111111110000001111100000000000000000000000000000000
0000000000000000000000000000001111110000001111101111111011111110000000000000000000000000000000000000000000000000000000000000000000000000000000000000000000000000000000000000000000000000000001111111001111111110000001111110000000000000000000000000000000
0000000000000000000000000000001111110000001111101111110011111100000000000000000000000000000000000000000000000000000000000000000000000000000000000000000000000000000000000000000000000000000000111111100111111111000001111110000000000000000000000000000000
0000000000000000000000000000011111100000011111111111100111111000000000000000000000000000000000000000000000000000000000000000000000000000000000000000000000000000000000000000000000000000000000011111110011111111000000111110000000000000000000000000000000
0000000000000000000000000000111111100000111111111111101111111000000000000000000000000000000000000000000000000000000000000000000000000000000000000000000000000000000000000000000000000000000000001111110001111111100000111110000000000000000000000000000000
0000000000000000000000000000111111000000111111111111101111110000000000000000000000000000000000000000000000000000000000000000000000000000000000000000000000000000000000000000000000000000000000001111111000111111100000011110000000000000000000000000000000
0000000000000000000000000001111110000000111101111111001111100000000000000000000000000000000000000000000000000000000000000000000000000000000000000000000000000000000000000000000000000000000000000111111100111111110000001111000000000000000000000000000000
0000000000000000000000000011111110000001111101111111001111100000000000000000000000000000000000000000000000000000000000000000000000000000000000000000000000000000000000000000000000000000000000000011111110011111110000001111100000000000000000000000000000
0000000000000000000000000111111100000001111101111110011111000000000000000000000000000000000000000000000000000000000000000000000000000000000000000000000000000000000000000000000000000000000000000001111110001111110000001111110000000000000000000000000000
0000000000000000000000001111111000000011111001111100011111000000000000000000000000000000000000000000000000000000000000000000000000000000000000000000000000000000000000000000000000000000000000000000111111000111111000001111110000000000000000000000000000
0000000000000000000000011111110000000111111011111100111111000000000000000000000000000000000000000000000000000000000000000000000000000000000000000000000000000000000000000000000000000000000000000000111111000111111100001111111000000000000000000000000000
0000000000000000000000011111110000001111110111111011111111000000000000000000000000000000000000000000000000000000000000000000000000000000000000000000000000000000000000000000000000000000000000000000011111000111111110000111111100000000000000000000000000
0000000000000000000000111111100000001111111111111111111100000000000000000000000000000000000000000000000000000000000000000000000000000000000000000000000000000000000000000000000000000000000000000000001111000111111110000011111110000000000000000000000000
0000000000000000000000111111000000011111111111110111111000000000000000000000000000000000000000000000000000000000000000000000000000000000000000000000000000000000000000000000000000000000000000000000001111100111111110000001111110000000000000000000000000
0000000000000000000000111110000000111111111111110111110000000000000000000000000000000000000000000000000000000000000000000000000000000000000000000000000000000000000000000000000000000000000000000000000111110011111111000000111110000000000000000000000000
0000000000000000000000111100000001111111111111100111100000000000000000000000000000000000000000000000000000000000000000000000000000000000000000000000000000000000000000000000000000000000000000000000000111110001111111100000011111000000000000000000000000
0000000000000000000001111100000011111111111111100111100000000000000000000000000000000000000000000000000000000000000000000000000000000000000000000000000000000000000000000000000000000000000000000000000111111000111111110000011111000000000000000000000000
0000000000000000000001111000000011111111111111100111100000000000000000000000000000000000000000000000000000000000000000000000000000000000000000000000000000000000000000000000000000000000000000000000000111111100111111110000001111100000000000000000000000
0000000000000000000001111000000111111111111111101111100000000000000000000000000000000000000000000000000000000000000000000000000000000000000000000000000000000000000000000000000000000000000000000000000011111110011111110000001111100000000000000000000000
0000000000000000000001111000001111111111111111111111100000000000000000000000000000000000000000000000000000000000000000000000000000000000000000000000000000000000000000000000000000000000000000000000000001111111011111111000001111100000000000000000000000
0000000000000000000011111000011111111111111111111111100000000000000000000000000000000000000000000000000000000000000000000000000000000000000000000000000000000000000000000000000000000000000000000000000000111111111111111000000111100000000000000000000000
0000000000000000000011111000011111101111111111111111000000000000000000000000000000000000000000000000000000000000000000000000000000000000000000000000000000000000000000000000000000000000000000000000000000011111111111111000000111100000000000000000000000
0000000000000000000111111000111111111111111111111110000000000000000000000000000000000000000000000000000000000000000000000000000000000000000000000000000000000000000000000000000000000000000000000000000000011111111111111100000111100000000000000000000000
0000000000000000000111111000111111111111111111111110000000000000000000000000000000000000000000000000000000000000000000000000000000000000000000000000000000000000000000000000000000000000000000000000000000001111111111111100000111100000000000000000000000
0000000000000000000111110000111111111111111111111100000000000000000000000000000000000000000000000000000000000000000000000000000000000000000000000000000000000000000000000000000000000000000000000000000000000111111111111100000111100000000000000000000000
0000000000000000000111100001111111111111111111111000000000000000000000000000000000000000000000000000000000000000000000000000000000000000000000000000000000000000000000000000000000000000000000000000000000000011111111111110000111100000000000000000000000
0000000000000000001111100011111111111111111111111000000000000000000000000000000000000000000000000000000000000000000000000000000000000000000000000000000000000000000000000000000000000000000000000000000000000011111111111110000111100000000000000000000000
0000000000000000011111100111111111111111111111110000000000000000000000000000000000000000000000000000000000000000000000000000000000000000000000000000000000000000000000000000000000000000000000000000000000000000011111111110000111100000000000000000000000
0000000000000000011111101111111111110111111111100000000000000000000000000000000000000000000000000000000000000000000000000000000000000000000000000000000000000000000000000000000000000000000000000000000000000000001111111111000011110000000000000000000000
0000000000000000011111111111111111111111111111000000000000000000000000000000000000000000000000000000000000000000000000000000000000000000000000000000000000000000000000000000000000000000000000000000000000000000000111111111100011110000000000000000000000
0000000000000000011111011111011111101111111110000000000000000000000000000000000000000000000000000000000000000000000000000000000000000000000000000000000000000000000000000000000000000000000000000000000000000000000011111111100011110000000000000000000000
0000000000000000011110011110011111001111111100000000000000000000000000000000000000000000000000000000000000000000000000000000000000000000000000000000000000000000000000000000000000000000000000000000000000000000000001111111100011111000000000000000000000
0000000000000000111110111110111111001111111100000000000000000000000000000000000000000000000000000000000000000000000000000000000000000000000000000000000000000000000000000000000000000000000000000000000000000000000001111111110011111100000000000000000000
0000000000000001111110111110111110011111111100000000000000000000000000000000000000000000000000000000000000000000000000000000000000000000000000000000000000000000000000000000000000000000000000000000000000000000000000111111111000111100000000000000000000
0000000000000011111111111100111100011111111000000000000000000000000000000000000000000000000000000000000000000000000000000000000000000000000000000000000000000000000000000000000000000000000000000000000000000000000000011111111100111100000000000000000000
0000000000000011111111111101111100111111111000000000000000000000000000000000000000000000000000000000000000000000000000000000000000000000000000000000000000000000000000000000000000000000000000000000000000000000000000011111111110011110000000000000000000
0000000000000011111111111011111101111111110000000000000000000000000000000000000000000000000000000000000000000000000000000000000000000000000000000000000000000000000000000000000000000000000000000000000000000000000000001111111110011110000000000000000000
0000000000000011110111110011111001111111110000000000000000000000000000000000000000000000000000000000000000000000000000000000000000000000000000000000000000000000000000000000000000000000000000000000000000000000000000000111111110011110000000000000000000
0000000000000011110111100011110001111111100000000000000000000000000000000000000000000000000000000000000000000000000000000000000000000000000000000000000000000000000000000000000000000000000000000000000000000000000000000011111111011110000000000000000000
0000000000000011111111100111110001111111100000000000000000000000000000000000000000000000000000000000000000000000000000000000000000000000000000000000000000000000000000000000000000000000000000000000000000000000000000000001111111111110000000000000000000
0000000000000011111111101111110011111111000000000000000000000000000000000000000000000000000000000000000000000000000000000000000000000000000000000000000000000000000000000000000000000000000000000000000000000000000000000000111111111111000000000000000000
0000000000000111111111001111100111111110000000000000000000000000000000000000000000000000000000000000000000000000000000000000000000000000000000000000000000000000000000000000000000000000000000000000000000000000000000000000111111111111100000000000000000
0000000000001111111111001111000111111100000000000000000000000000000000000000000000000000000000000000000000000000000000000000000000000000000000000000000000000000000000000000000000000000000000000000000000000000000000000000011111111111100000000000000000
0000000000001111111110011111000111111000000000000000000000000000000000000000000000000000000000000000000000000000000000000000000000000000000000000000000000000000000000000000000000000000000000000000000000000000000000000000001111111111110000000000000000
0000000000001111111100011111001111111000000000000000000000000000000000000000000000000000000000000000000000000000000000000000000000000000000000000000000000000000000000000000000000000000000000000000000000000000000000000000001111111111111000000000000000
0000000000001111111000011110011111110000000000000000000000000000000000000000000000000000000000000000000000000000000000000000000000000000000000000000000000000000000000000000000000000000000000000000000000000000000000000000001111111111111100000000000000
0000000000001111111000011110011111100000000000000000000000000000000000000000000000000000000000000000000000000000000000000000000000000000000000000000000000000000000000000000000000000000000000000000000000000000000000000000001111111111111100000000000000
0000000000011111111000111110111111100000000000000000000000000000000000000000000000000000000000000000000000000000000000000000000000000000000000000000000000000000000000000000000000000000000000000000000000000000000000000000000111111111111100000000000000
0000000000011111111000111111111111100000000000000000000000000000000000000000000000000000000000000000000000000000000000000000000000000000000000000000000000000000000000000000000000000000000000000000000000000000000000000000000111111111111100000000000000
0000000000011111111000111111111111000000000000000000000000000000000000000000000000000000000000000000000000000000000000000000000000000000000000000000000000000000000000000000000000000000000000000000000000000000000000000000000111111111111100000000000000
0000000000011111111001111111111110000000000000000000000000000000000000000000000000000000000000000000000000000000000000000000000000000000000000000000000000000000000000000000000000000000000000000000000000000000000000000000000111111111111110000000000000
0000000000111111111001111111111110000000000000000000000000000000000000000000000000000000000000000000000000000000000000000000000000000000000000000000000000000000000000000000000000000000000000000000000000000000000000000000000111111111111111000000000000
0000000000111101111011111111111100000000000000000000000000000000000000000000000000000000000000000000000000000000000000000000000000000000000000000000000000000000000000000000000000000000000000000000000000000000000000000000000011111101111111000000000000
0000000000111111110011111111111000000000000000000000000000000000000000000000000000000000000000000000000000000000000000000000000000000000000000000000000000000000000000000000000000000000000000000000000000000000000000000000000011111100111111000000000000
0000000000111111110011111111110000000000000000000000000000000000000000000000000000000000000000000000000000000000000000000000000000000000000000000000000000000000000000000000000000000000000000000000000000000000000000000000000011111110111111100000000000
0000000000111111110011111111100000000000000000000000000000000000000000000000000000000000000000000000000000000000000000000000000000000000000000000000000000000000000000000000000000000000000000000000000000000000000000000000000001111110011111110000000000
0000000000111111110011111111000000000000000000000000000000000000000000000000000000000000000000000000000000000000000000000000000000000000000000000000000000000000000000000000000000000000000000000000000000000000000000000000000001111110001111110000000000
0000000000111111111111111111000000000000000000000000000000000000000000000000000000000000000000000000000000000000000000000000000000000000000000000000000000000000000000000000000000000000000000000000000000000000000000000000000000111111000111111100000000
0000000000111111101111111110000000000000000000000000000000000000000000000000000000000000000000000000000000000000000000000000000000000000000000000000000000000000000000000000000000000000000000000000000000000000000000000000000000111111100111111100000000
0000000000111111001111111100000000000000000000000000000000000000000000000000000000000000000000000000000000000000000000000000000000000000000000000000000000000000000000000000000000000000000000000000000000000000000000000000000000011111100011111110000000
0000000001111110001111111100000000000000000000000000000000000000000000000000000000000000000000000000000000000000000000000000000000000000000000000000000000000000000000000000000000000000000000000000000000000000000000000000000000001111110001111111000000
0000000011111110011111111100000000000000000000000000000000000000000000000000000000000000000000000000000000000000000000000000000000000000000000000000000000000000000000000000000000000000000000000000000000000000000000000000000000000111110000111111100000
0000000111111100111111111100000000000000000000000000000000000000000000000000000000000000000000000000000000000000000000000000000000000000000000000000000000000000000000000000000000000000000000000000000000000000000000000000000000000111110000111111100000
0000001111111101111111111000000000000000000000000000000000000000000000000000000000000000000000000000000000000000000000000000000000000000000000000000000000000000000000000000000000000000000000000000000000000000000000000000000000000111111000111111110000
0000011111111101111111111000000000000000000000000000000000000000000000000000000000000000000000000000000000000000000000000000000000000000000000000000000000000000000000000000000000000000000000000000000000000000000000000000000000000011111000011111111000
0000011111111111111111110000000000000000000000000000000000000000000000000000000000000000000000000000000000000000000000000000000000000000000000000000000000000000000000000000000000000000000000000000000000000000000000000000000000000011111000001111111000
0000111111111111111100000000000000000000000000000000000000000000000000000000000000000000000000000000000000000000000000000000000000000000000000000000000000000000000000000000000000000000000000000000000000000000000000000000000000000011111100000111111100
0000111111111111111000000000000000000000000000000000000000000000000000000000000000000000000000000000000000000000000000000000000000000000000000000000000000000000000000000000000000000000000000000000000000000000000000000000000000000011111100000111111110
0000111111111111110000000000000000000000000000000000000000000000000000000000000000000000000000000000000000000000000000000000000000000000000000000000000000000000000000000000000000000000000000000000000000000000000000000000000000000011111100000011111111
0000111111111110000000000000000000000000000000000000000000000000000000000000000000000000000000000000000000000000000000000000000000000000000000000000000000000000000000000000000000000000000000000000000000000000000000000000000000000001111110000001111111
0000111111111110000000000000000000000000000000000000000000000000000000000000000000000000000000000000000000000000000000000000000000000000000000000000000000000000000000000000000000000000000000000000000000000000000000000000000000000001111111000000111111
0000111111111100000000000000000000000000000000000000000000000000000000000000000000000000000000000000000000000000000000000000000000000000000000000000000000000000000000000000000000000000000000000000000000000000000000000000000000000001111111100000001111
0000111111111000000000000000000000000000000000000000000000000000000000000000000000000000000000000000000000000000000000000000000000000000000000000000000000000000000000000000000000000000000000000000000000000000000000000000000000000000111111100000000111
0001111111110000000000000000000000000000000000000000000000000000000000000000000000000000000000000000000000000000000000000000000000000000000000000000000000000000000000000000000000000000000000000000000000000000000000000000000000000000111111100000000111
0011111111100000000000000000000000000000000000000000000000000000000000000000000000000000000000000000000000000000000000000000000000000000000000000000000000000000000000000000000000000000000000000000000000000000000000000000000000000000111111110000000011
0011111111000000000000000000000000000000000000000000000000000000000000000000000000000000000000000000000000000000000000000000000000000000000000000000000000000000000000000000000000000000000000000000000000000000000000000000000000000000011111110000000011
0111111111000000000000000000000000000000000000000000000000000000000000000000000000000000000000000000000000000000000000000000000000000000000000000000000000000000000000000000000000000000000000000000000000000000000000000000000000000000001111110000000011
1111111110000000000000000000000000000000000000000000000000000000000000000000000000000000000000000000000000000000000000000000000000000000000000000000000000000000000000000000000000000000000000000000000000000000000000000000000000000000001111111000000111
1111110000000000000000000000000000000000000000000000000000000000000000000000000000000000000000000000000000000000000000000000000000000000000000000000000000000000000000000000000000000000000000000000000000000000000000000000000000000000000111111100000111
1111111111111111111111111111111111111111111111111111111111111111111111111111111111111111111111111111111111111111111111111111111111111111111111111111111111111111111111111111111111111111111111111111111111111111111111111111111111111111111111111110001111
1111111111111111111111111111111111111111111111111111111111111111111111111111111111111111111111111111111111111111111111111111111111111111111111111111111111111111111111111111111111111111111111111111111111111111111111111111111111111111111111111111111111
1111111111111111111111111111111111111111111111111111111111111111111111111111111111111111111111111111111111111111111111111111111111111111111111111111111111111111111111111111111111111111111111111111111111111111111111111111111111111111111111111111111111
0111111111111111111111111111111111111111111111111111111111111111111111111111111111111111111111111111111111111111111111111111111111111111111111111111111111111111111111111111111111111111111111111111111111111111111111111111111111111111111111111111111111
0111111111111111111111111111111111111111111111111111111111111111111111111111111111111111111111111111111111111111111111111111111111111111111111111111111111111111111111111111111111111111111111111111111111111111111111111111111111111111111111111111111110
0111111111111111111111111100000000000000000000000000000000000000000000000000000000000000000000000000000000000000000000000000000000000000000000000000000000000000000000000000000000000000000000000000000000000000000000000000000000000000000000000011111100
0001111111111111111111111111111111111111111111111111111111111111111111111111111111111111111111111111111111111111111111111111111111111111111111111111111111111111111111111111111111111111111111111111111111111111111111111111111111111111111111111111000000
0001111111111111111111111111111111111111111111111111111111111111111111111111111111111111111111111111111111111111111111111111111111111111111111111111111111111111111111111111111111111111111111111111111111111111111111111111111111111111111111111111000000
1111111111111111111111111111111111111111111111111111111111111111111111111111111111111111111111111111111111111111111111111111111111111111111111111111111111111111111111111111111111111111111111111111111111111111111111111111111111111111111111111111111111
