0000000000000000000000000000000000000000000000000000000000000000000000000000000000000000000000000000000000000000000000000010000000000000000000000000000000000000000000000000000000000000000000000000000000000000000000000000000000000000000000000000000000
0000000000000000000000000000000000000000000000000000000000000000000000000000000000000000000000000000000000000000000000001110100000000000000000000000000000000000000000000000000000000000000000000000000000000000000000000000000000000000000000000000000000
0000000000000000000000000000000000000000000000000000000000000000000000000000000000000000000000000000000000000000000000001111100000000000000000000000000000000000000000000000000000000000000000000000000000000000000000000000000000000000000000000000000000
0000000000000000000000000000000000000000000000000000000000000000000000000000000000000000000000000000000000000000000000001111111000000000000000000000000000000000000000000000000000000000000000000000000000000000000000000000000000000000000000000000000000
0000000000000000000000000000000000000000000000000000000000000000000000000000000000000000000000000000000000000000000000011111111110000000000000000000000000000000000000000000000000000000000000000000000000000000000000000000000000000000000000000000000000
0000000000000000000000000000000000000000000000000000000000000000000000000000000000000000000000000000000000000000000000111111111111100000000000000000000000000000000000000000000000000000000000000000000000000000000000000000000000000000000000000000000000
0000000000000000000000000000000000000000000000000000000000000000000000000000000000000000000000000000000000000000000000111100011111111000000000000000000000000000000000000000000000000000000000000000000000000000000000000000000000000000000000000000000000
0000000000000000000000000000000000000000000000000000000000000000000000000000000000000000000000000000000000000000000001111100010111111010000000000000000000000000000000000000000000000000000000000000000000000000000000000000000000000000000000000000000000
0000000000000000000000000000000000000000000000000000000000000000000000000000000000000000000000000000000000000000000011111000000101111110100000000000000000000000000000000000000000000000000000000000000000000000000000000000000000000000000000000000000000
0000000000000000000000000000000000000000000000000000000000000000000000000000000000000000000000000000000000000000000011110000000001011111100000000000000000000000000000000000000000000000000000000000000000000000000000000000000000000000000000000000000000
0000000000000000000000000000000000000000000000000000000000000000000000000000000000000000000000000000000000000000000011110000000000011111111000000000000000000000000000000000000000000000000000000000000000000000000000000000000000000000000000000000000000
0000000000000000000000000000000000000000000000000000000000000000000000000000000000000000000000000000000000000000000111110000000000000111111110000000000000000000000000000000000000000000000000000000000000000000000000000000000000000000000000000000000000
0000000000000000000000000000000000000000000000000000000000000000000000000000000000000000000000000000000000000000001111100000000000000001111111100000000000000000000000000000000000000000000000000000000000000000000000000000000000000000000000000000000000
0000000000000000000000000000000000000000000000000000000000000000000000000000000000000000000000000000000000000000001111000000000000000000011111111000000000000000000000000000000000000000000000000000000000000000000000000000000000000000000000000000000000
0000000000000000000000000000000000000000000000000000000000000000000000000000000000000000000000000000000000000000011111000000000000000000000111111110000000000000000000000000000000000000000000000000000000000000000000000000000000000000000000000000000000
0000000000000000000000000000000000000000000000000000000000000000000000000000000000000000000000000000000000000000111110000000000000000000000101111110100000000000000000000000000000000000000000000000000000000000000000000000000000000000000000000000000000
0000000000000000000000000000000000000000000000000000000000000000000000000000000000000000000000000000000000000000111100000000000000000000000001011111101000000000000000000000000000000000000000000000000000000000000000000000000000000000000000000000000000
0000000000000000000000000000000000000000000000000000000000000000000000000000000000000000000000000000000000000000111100000000000000000000000000010111111000000000000000000000000000000000000000000000000000000000000000000000000000000000000000000000000000
0000000000000000000000000000000000000000000000000000000000000000000000000000000000000000000000000000000000000011111100000000000000000000000000000111111110000000000000000000000000000000000000000000000000000000000000000000000000000000000000000000000000
0000000000000000000000000000000000000000000000000000000000000000000000000000000000000000000000000000000000000011110000000000000000000000000000000001111111100000000000000000000000000000000000000000000000000000000000000000000000000000000000000000000000
0000000000000000000000000000000000000000000000000000000000000000000000000000000000000000000000000000000000000011110000000000000000000000000000000000011111111000000000000000000000000000000000000000000000000000000000000000000000000000000000000000000000
0000000000000000000000000000000000000000000000000000000000000000000000000000000000000000000000000000000000000111110000000000000000000000000000000000000111111110000000000000000000000000000000000000000000000000000000000000000000000000000000000000000000
0000000000000000000000000000000000000000000000000000000000000000000000000000000000000000000000000000000000001111100000000000000000000000000000000000000001111111100000000000000000000000000000000000000000000000000000000000000000000000000000000000000000
0000000000000000000000000000000000000000000000000000000000000000000000000000000000000000000000000000000000001111000000000000000000000000000000000000000001011111101000000000000000000000000000000000000000000000000000000000000000000000000000000000000000
0000000000000000000000000000000000000000000000000000000000000000000000000000000000000000000000000000000000001111000000000000000000000000000000000000000000010111111010000000000000000000000000000000000000000000000000000000000000000000000000000000000000
0000000000000000000000000000000000000000000000000000000000000000000000000000000000000000000000000000000000111111000000000000000000000000000000000000000000000101111110000000000000000000000000000000000000000000000000000000000000000000000000000000000000
0000000000000000000000000000000000000000000000000000000000000000000000000000000000000000000000000000000000111100000000000000000000000000000000000000000000000001111111100000000000000000000000000000000000000000000000000000000000000000000000000000000000
0000000000000000000000000000000000000000000000000000000000000000000000000000000000000000000000000000000000111100000000000000000000000000000000000000000000000000011111111000000000000000000000000000000000000000000000000000000000000000000000000000000000
0000000000000000000000000000000000000000000000000000000000000000000000000000000000000000000000000000000001111100000000000000000000000000000000000000000000000000000111111110000000000000000000000000000000000000000000000000000000000000000000000000000000
0000000000000000000000000000000000000000000000000000000000000000000000000000000000000000000000000000000011111000000000000000000000000000000000000000000000000000000001111111100000000000000000000000000000000000000000000000000000000000000000000000000000
0000000000000000000000000000000000000000000000000000000000000000000000000000000000000000000000000000000011110000000000000000000000000000000000000000000000000000000000011111111000000000000000000000000000000000000000000000000000000000000000000000000000
0000000000000000000000000000000000000000000000000000000000000000000000000000000000000000000000000000000011110000000000000000000000000000000000000000000000000000000000010111111010000000000000000000000000000000000000000000000000000000000000000000000000
0000000000000000000000000000000000000000000000000000000000000000000000000000000000000000000000000000001111110000000000000000000000000000000000000000000000000000000000000101111110100000000000000000000000000000000000000000000000000000000000000000000000
0000000000000000000000000000000000000000000000000000000000000000000000000000000000000000000000000000001111000000000000000000000000000000000000000000000000000000000000000001011111100000000000000000000000000000000000000000000000000000000000000000000000
0000000000000000000000000000000000000000000000000000000000000000000000000000000000000000000000000000001111000000000000000000000000000000000000000000000000000000000000000000011111111000000000000000000000000000000000000000000000000000000000000000000000
0000000000000000000000000000000000000000000000000000000000000000000000000000000000000000000000000000011111000000000000000000000000000000000000000000000000000000000000000000000111111110000000000000000000000000000000000000000000000000000000000000000000
0000000000000000000000000000000000000000000000000000000000000000000000000000000000000000000000000000111110000000000000000000000000000000000000000000000000000000000000000000000001111111100000000000000000000000000000000000000000000000000000000000000000
0000000000000000000000000000000000000000000000000000000000000000000000000000000000000000000000000000111100000000000000000000000000000000000000000000000000000000000000000000000000011111111000000000000000000000000000000000000000000000000000000000000000
0000000000000000000000000000000000000000000000000000000000000000000000000000000000000000000000000001111100000000000000000000000000000000000000000000000000000000000000000000000000010111111010000000000000000000000000000000000000000000000000000000000000
0000000000000000000000000000000000000000000000000000000000000000000000000000000000000000000000000011111100000000000000000000000000000000000000000000000000000000000000000000000000000101111110100000000000000000000000000000000000000000000000000000000000
0000000000000000000000000000000000000000000000000000000000000000000000000000000000000000000000000011110000000000000000000000000000000000000000000000000000000000000000000000000000000001011111101000000000000000000000000000000000000000000000000000000000
0000000000000000000000000000000000000000000000000000000000000000000000000000000000000000000000000011110000000000000000000000000000000000000000000000000000000000000000000000000000000000011111111000000000000000000000000000000000000000000000000000000000
0000000000000000000000000000000000000000000000000000000000000000000000000000000000000000000000000111110000000000000000000000000000000000000000000000000000000000000000000000000000000000000111111110000000000000000000000000000000000000000000000000000000
0000000000000000000000000000000000000000000000000000000000000000000000000000000000000000000000001111100000000000000000000000000000000000000000000000000000000000000000000000000000000000000001111111100000000000000000000000000000000000000000000000000000
0000000000000000000000000000000000000000000000000000000000000000000000000000000000000000000000001111000000000000000000000000000000000000000000000000000000000000000000000000000000000000000000011111111000000000000000000000000000000000000000000000000000
0000000000000000000000000000000000000000000000000000000000000000000000000000000000000000000000001111000000000000000000000000000000000000000000000000000000000000000000000000000000000000000000000111111010000000000000000000000000000000000000000000000000
0000000000000000000000000000000000000000000000000000000000000000000000000000000000000000000000111111000000000000000000000000000000000000000000000000000000000000000000000000000000000000000000000101111110100000000000000000000000000000000000000000000000
0000000000000000000000000000000000000000000000000000000000000000000000000000000000000000000000111100000000000000000000000000000000000000000000000000000000000000000000000000000000000000000000000001011111101000000000000000000000000000000000000000000000
0000000000000000000000000000000000000000000000000000000000000000000000000000000000000000000000111100000000000000000000000000000000000000000000000000000000000000000000000000000000000000000000000000010111111010000000000000000000000000000000000000000000
0000000000000000000000000000000000000000000000000000000000000000000000000000000000000000000001111100000000000000000000000000000000000000000000000000000000000000000000000000000000000000000000000000000111111110000000000000000000000000000000000000000000
0000000000000000000000000000000000000000000000000000000000000000000000000000000000000000000011111000000000000000000000000000000000000000000000000000000000000000000000000000000000000000000000000000000001111111100000000000000000000000000000000000000000
0000000000000000000000000000000000000000000000000000000000000000000000000000000000000000000011110000000000000000000000000000000000000000000000000000000000000000000000000000000000000000000000000000000000011111111000000000000000000000000000000000000000
0000000000000000000000000000000000000000000000000000000000000000000000000000000000000000000111110000000000000000000000000000000000000000000000000000000000000000000000000000000000000000000000000000000000000111111110000000000000000000000000000000000000
0000000000000000000000000000000000000000000000000000000000000000000000000000000000000000001111100000000000000000000000000000000000000000000000000000000000000000000000000000000000000000000000000000000000000001111111100000000000000000000000000000000000
0000000000000000000000000000000000000000000000000000000000000000000000000000000000000000001111000000000000000000000000000000000000000000000000000000000000000000000000000000000000000000000000000000000000000001011111101000000000000000000000000000000000
0000000000000000000000000000000000000000000000000000000000000000000000000000000000000000001111000000000000000000000000000000000000000000000000000000000000000000000000000000000000000000000000000000000000000000010111111010000000000000000000000000000000
0000000000000000000000000000000000000000000000000000000000000000000000000000000000000000011111000000000000000000000000000000000000000000000000000000000000000000000000000000000000000000000000000000000000000000000101111110100000000000000000000000000000
0000000000000000000000000000000000000000000000000000000000000000000000000000000000000000111110000000000000000000000000000000000000000000000000000000000000000000000000000000000000000000000000000000000000000000000001111111100000000000000000000000000000
0000000000000000000000000000000000000000000000000000000000000000000000000000000000000000111100000000000000000000000000000000000000000000000000000000000000000000000000000000000000000000000000000000000000000000000000011111111000000000000000000000000000
0000000000000000000000000000000000000000000000000000000000000000000000000000000000000001111100000000000000000000000000000000000000000000000000000000000000000000000000000000000000000000000000000000000000000000000000000111111110000000000000000000000000
0000000000000000000000000000000000000000000000000000000000000000000000000000000000000011111000000000000000000000000000000000000000000000000000000000000000000000000000000000000000000000000000000000000000000000000000000001111111100000000000000000000000
0000000000000000000000000000000000000000000000000000000000000000000000000000000000000011110000000000000000000000000000000000000000000000000000000000000000000000000000000000000000000000000000000000000000000000000000000000011111101000000000000000000000
0000000000000000000000000000000000000000000000000000000000000000000000000000000000000011110000000000000000000000000000000000000000000000000000000000000000000000000000000000000000000000000000000000000000000000000000000000010111111010000000000000000000
0000000000000000000000000000000000000000000000000000000000000000000000000000000000000111110000000000000000000000000000000000000000000000000000000000000000000000000000000000000000000000000000000000000000000000000000000000000101111110100000000000000000
0000000000000000000000000000000000000000000000000000000000000000000000000000000000001111100000000000000000000000000000000000000000000000000000000000000000000000000000000000000000000000000000000000000000000000000000000000000001011111101000000000000000
0000000000000000000000000000000000000000000000000000000000000000000000000000000000001111000000000000000000000000000000000000000000000000000000000000000000000000000000000000000000000000000000000000000000000000000000000000000000011111111000000000000000
0000000000000000000000000000000000000000000000000000000000000000000000000000000000011111000000000000000000000000000000000000000000000000000000000000000000000000000000000000000000000000000000000000000000000000000000000000000000000111111000000000000000
0000000000000000000000000000000000000000000000000000000000000000000000000000000000111110000000000000000000000000000000000000000000000000000000000000000000000000000000000000000000000000000000000000000000000000000000000000000000000001111000000000000000
0000000000000000000000000000000000000000000000000000000000000000000000000000000000111100000000000000000000000000000000000000000000000000000000000000000000000000000000000000000000000000000000000000000000000000000000000000000000000011110000000000000000
0000000000000000000000000000000000000000000000000000000000000000000000000000000000111100000000000000000000000000000000000000000000000000000000000000000000000000000000000000000000000000000000000000000000000000000000000000000000000011110000000000000000
0000000000000000000000000000000000000000000000000000000000000000000000000000000001111100000000000000000000000000000000000000000000000000000000000000000000000000000000000000000000000000000000000000000000000000000000000000000000000111110000000000000000
0000000000000000000000000000000000000000000000000000000000000000000000000000000011111000000000000000000000000000000000000000000000000000000000000000000000000000000000000000000000000000000000000000000000000000000000000000000000001111100000000000000000
0000000000000000000000000000000000000000000000000000000000000000000000000000000011110000000000000000000000000000000000000000000000000000000000000000000000000000000000000000000000000000000000000000000000000000000000000000000000001111000000000000000000
0000000000000000000000000000000000000000000000000000000000000000000000000000000111110000000000000000000000000000000000000000000000000000000000000000000000000000000000000000000000000000000000000000000000000000000000000000000000001111000000000000000000
0000000000000000000000000000000000000000000000000000000000000000000000000000001111100000000000000000000000000000000000000000000000000000000000000000000000000000000000000000000000000000000000000000000000000000000000000000000000011111000000000000000000
0000000000000000000000000000000000000000000000000000000000000000000000000000001111000000000000000000000000000000000000000000000000000000000000000000000000000000000000000000000000000000000000000000000000000000000000000000000000111110000000000000000000
0000000000000000000000000000000000000000000000000000000000000000000000000000001111000000000000000000000000000000000000000000000000000000000000000000000000000000000000000000000000000000000000000000000000000000000000000000000000111100000000000000000000
0000000000000000000000000000000000000000000000000000000000000000000000000000011111000000000000000000000000000000000000000000000000000000000000000000000000000000000000000000000000000000000000000000000000000000000000000000000001111100000000000000000000
0000000000000000000000000000000000000000000000000000000000000000000000000000111100000000000000000000000000000000000000000000000000000000000000000000000000000000000000000000000000000000000000000000000000000000000000000000000011111000000000000000000000
0000000000000000000000000000000000000000000000000000000000000000000000000000111100000000000000000000000000000000000000000000000000000000000000000000000000000000000000000000000000000000000000000000000000000000000000000000000011110000000000000000000000
0000000000000000000000000000000000000000000000000000000000000000000000000001111100000000000000000000000000000000000000000000000000000000000000000000000000000000000000000000000000000000000000000000000000000000000000000000000011110000000000000000000000
0000000000000000000000000000000000000000000000000000000000000000000000000011111000000000000000000000000000000000000000000000000000000000000000000000000000000000000000000000000000000000000000000000000000000000000000000000001111110000000000000000000000
0000000000000000000000000000000000000000000000000000000000000000000000000011110000000000000000000000000000000000000000000000000000000000000000000000000000000000000000000000000000000000000000000000000000000000000000000000001111000000000000000000000000
0000000000000000000000000000000000000000000000000000000000000000000000000011110000000000000000000000000000000000000000000000000000000000000000000000000000000000000000000000000000000000000000000000000000000000000000000000001111000000000000000000000000
0000000000000000000000000000000000000000000000000000000000000000000000001111110000000000000000000000000000000000000000000000000000000000000000000000000000000000000000000000000000000000000000000000000000000000000000000000011111000000000000000000000000
0000000000000000000000000000000000000000000000000000000000000000000000001111000000000000000000000000000000000000000000000000000000000000000000000000000000000000000000000000000000000000000000000000000000000000000000000000111110000000000000000000000000
0000000000000000000000000000000000000000000000000000000000000000000000001111000000000000000000000000000000000000000000000000000000000000000000000000000000000000000000000000000000000000000000000000000000000000000000000000111100000000000000000000000000
0000000000000000000000000000000000000000000000000000000000000000000000011111000000000000000000000000000000000000000000000000000000000000000000000000000000000000000000000000000000000000000000000000000000000000000000000000111100000000000000000000000000
0000000000000000000000000000000000000000000000000000000000000000000000111110000000000000000000000000000000000000000000000000000000000000000000000000000000000000000000000000000000000000000000000000000000000000000000000011111100000000000000000000000000
0000000000000000000000000000000000000000000000000000000000000000000000111100000000000000000000000000000000000000000000000000000000000000000000000000000000000000000000000000000000000000000000000000000000000000000000000011111000000000000000000000000000
0000000000000000000000000000000000000000000000000000000000000000000000111100000000000000000000000000000000000000000000000000000000000000000000000000000000000000000000000000000000000000000000000000000000000000000000000011110000000000000000000000000000
0000000000000000000000000000000000000000000000000000000000000000000011111100000000000000000000000000000000000000000000000000000000000000000000000000000000000000000000000000000000000000000000000000000000000000000000000111110000000000000000000000000000
0000000000000000000000000000000000000000000000000000000000000000000011110000000000000000000000000000000000000000000000000000000000000000000000000000000000000000000000000000000000000000000000000000000000000000000000001111100000000000000000000000000000
0000000000000000000000000000000000000000000000000000000000000000000011110000000000000000000000000000000000000000000000000000000000000000000000000000000000000000000000000000000000000000000000000000000000000000000000001111000000000000000000000000000000
0000000000000000000000000000000000000000000000000000000000000000000111110000000000000000000000000000000000000000000000000000000000000000000000000000000000000000000000000000000000000000000000000000000000000000000000001111000000000000000000000000000000
0000000000000000000000000000000000000000000000000000000000000000001111100000000000000000000000000000000000000000000000000000000000000000000000000000000000000000000000000000000000000000000000000000000000000000000000111111000000000000000000000000000000
0000000000000000000000000000000000000000000000000000000000000000001111000000000000000000000000000000000000000000000000000000000000000000000000000000000000000000000000000000000000000000000000000000000000000000000000111100000000000000000000000000000000
0000000000000000000000000000000000000000000000000000000000000000001111000000000000000000000000000000000000000000000000000000000000000000000000000000000000000000000000000000000000000000000000000000000000000000000000111100000000000000000000000000000000
0000000000000000000000000000000000000000000000000000000000000000111111000000000000000000000000000000000000000000000000000000000000000000000000000000000000000000000000000000000000000000000000000000000000000000000001111100000000000000000000000000000000
0000000000000000000000000000000000000000000000000000000000000000111100000000000000000000000000000000000000000000000000000000000000000000000000000000000000000000000000000000000000000000000000000000000000000000000011111000000000000000000000000000000000
0000000000000000000000000000000000000000000000000000000000000000111100000000000000000000000000000000000000000000000000000000000000000000000000000000000000000000000000000000000000000000000000000000000000000000000011110000000000000000000000000000000000
0000000000000000000000000000000000000000000000000000000000000001111100000000000000000000000000000000000000000000000000000000000000000000000000000000000000000000000000000000000000000000000000000000000000000000000011110000000000000000000000000000000000
0000000000000000000000000000000000000000000000000000000000000011111000000000000000000000000000000000000000000000000000000000000000000000000000000000000000000000000000000000000000000000000000000000000000000000001111110000000000000000000000000000000000
0000000000000000000000000000000000000000000000000000000000000011110000000000000000000000000000000000000000000000000000000000000000000000000000000000000000000000000000000000000000000000000000000000000000000000001111000000000000000000000000000000000000
0000000000000000000000000000000000000000000000000000000000000011110000000000000000000000000000000000000000000000000000000000000000000000000000000000000000000000000000000000000000000000000000000000000000000000001111000000000000000000000000000000000000
0000000000000000000000000000000000000000000000000000000000001111110000000000000000000000000000000000000000000000000000000000000000000000000000000000000000000000000000000000000000000000000000000000000000000000011111000000000000000000000000000000000000
0000000000000000000000000000000000000000000000000000000000001111000000000000000000000000000000000000000000000000000000000000000000000000000000000000000000000000000000000000000000000000000000000000000000000000111110000000000000000000000000000000000000
0000000000000000000000000000000000000000000000000000000000001111000000000000000000000000000000000000000000000000000000000000000000000000000000000000000000000000000000000000000000000000000000000000000000000000111100000000000000000000000000000000000000
0000000000000000000000000000000000000000000000000000000000011111000000000000000000000000000000000000000000000000000000000000000000000000000000000000000000000000000000000000000000000000000000000000000000000000111100000000000000000000000000000000000000
0000000000000000000000000000000000000000000000000000000000111110000000000000000000000000000000000000000000000000000000000000000000000000000000000000000000000000000000000000000000000000000000000000000000000011111100000000000000000000000000000000000000
0000000000000000000000000000000000000000000000000000000000111100000000000000000000000000000000000000000000000000000000000000000000000000000000000000000000000000000000000000000000000000000000000000000000000011110000000000000000000000000000000000000000
0000000000000000000000000000000000000000000000000000000001111100000000000000000000000000000000000000000000000000000000000000000000000000000000000000000000000000000000000000000000000000000000000000000000000011110000000000000000000000000000000000000000
0000000000000000000000000000000000000000000000000000000011111000000000000000000000000000000000000000000000000000000000000000000000000000000000000000000000000000000000000000000000000000000000000000000000000111110000000000000000000000000000000000000000
0000000000000000000000000000000000000000000000000000000011110000000000000000000000000000000000000000000000000000000000000000000000000000000000000000000000000000000000000000000000000000000000000000000000001111100000000000000000000000000000000000000000
0000000000000000000000000000000000000000000000000000000011110000000000000000000000000000000000000000000000000000000000000000000000000000000000000000000000000000000000000000000000000000000000000000000000001111000000000000000000000000000000000000000000
0000000000000000000000000000000000000000000000000000000111110000000000000000000000000000000000000000000000000000000000000000000000000000000000000000000000000000000000000000000000000000000000000000000000011111000000000000000000000000000000000000000000
0000000000000000000000000000000000000000000000000000001111100000000000000000000000000000000000000000000000000000000000000000000000000000000000000000000000000000000000000000000000000000000000000000000000111110000000000000000000000000000000000000000000
0000000000000000000000000000000000000000000000000000001111000000000000000000000000000000000000000000000000000000000000000000000000000000000000000000000000000000000000000000000000000000000000000000000000111100000000000000000000000000000000000000000000
0000000000000000000000000000000000000000000000000000011111000000000000000000000000000000000000000000000000000000000000000000000000000000000000000000000000000000000000000000000000000000000000000000000000111100000000000000000000000000000000000000000000
0000000000000000000000000000000000000000000000000000111110000000000000000000000000000000000000000000000000000000000000000000000000000000000000000000000000000000000000000000000000000000000000000000000001111100000000000000000000000000000000000000000000
0000000000000000000000000000000000000000000000000000111100000000000000000000000000000000000000000000000000000000000000000000000000000000000000000000000000000000000000000000000000000000000000000000000011111000000000000000000000000000000000000000000000
0000000000000000000000000000000000000000000000000000111100000000000000000000000000000000000000000000000000000000000000000000000000000000000000000000000000000000000000000000000000000000000000000000000011110000000000000000000000000000000000000000000000
0000000000000000000000000000000000000000000000000001111100000000000000000000000000000000000000000000000000000000000000000000000000000000000000000000000000000000000000000000000000000000000000000000000111110000000000000000000000000000000000000000000000
0000000000000000000000000000000000000000000000000011111000000000000000000000000000000000000000000000000000000000000000000000000000000000000000000000000000000000000000000000000000000000000000000000001111100000000000000000000000000000000000000000000000
0000000000000000000000000000000000000000000000000011110000000000000000000000000000000000000000000000000000000000000000000000000000000000000000000000000000000000000000000000000000000000000000000000001111000000000000000000000000000000000000000000000000
0000000000000000000000000000000000000000000000000111110000000000000000000000000000000000000000000000000000000000000000000000000000000000000000000000000000000000000000000000000000000000000000000000001111000000000000000000000000000000000000000000000000
0000000000000000000000000000000000000000000000001111100000000000000000000000000000000000000000000000000000000000000000000000000000000000000000000000000000000000000000000000000000000000000000000000011111000000000000000000000000000000000000000000000000
0000000000000000000000000000000000000000000000001111000000000000000000000000000000000000000000000000000000000000000000000000000000000000000000000000000000000000000000000000000000000000000000000000111110000000000000000000000000000000000000000000000000
0000000000000000000000000000000000000000000000001111000000000000000000000000000000000000000000000000000000000000000000000000000000000000000000000000000000000000000000000000000000000000000000000000111100000000000000000000000000000000000000000000000000
0000000000000000000000000000000000000000000000011111000000000000000000000000000000000000000000000000000000000000000000000000000000000000000000000000000000000000000000000000000000000000000000000001111100000000000000000000000000000000000000000000000000
0000000000000000000000000000000000000000000000111110000000000000000000000000000000000000000000000000000000000000000000000000000000000000000000000000000000000000000000000000000000000000000000000011111000000000000000000000000000000000000000000000000000
0000000000000000000000000000000000000000000000111100000000000000000000000000000000000000000000000000000000000000000000000000000000000000000000000000000000000000000000000000000000000000000000000011110000000000000000000000000000000000000000000000000000
0000000000000000000000000000000000000000000001111100000000000000000000000000000000000000000000000000000000000000000000000000000000000000000000000000000000000000000000000000000000000000000000000011110000000000000000000000000000000000000000000000000000
0000000000000000000000000000000000000000000011111000000000000000000000000000000000000000000000000000000000000000000000000000000000000000000000000000000000000000000000000000000000000000000000000111110000000000000000000000000000000000000000000000000000
0000000000000000000000000000000000000000000011110000000000000000000000000000000000000000000000000000000000000000000000000000000000000000000000000000000000000000000000000000000000000000000000001111100000000000000000000000000000000000000000000000000000
0000000000000000000000000000000000000000000011110000000000000000000000000000000000000000000000000000000000000000000000000000000000000000000000000000000000000000000000000000000000000000000000001111000000000000000000000000000000000000000000000000000000
0000000000000000000000000000000000000000000111110000000000000000000000000000000000000000000000000000000000000000000000000000000000000000000000000000000000000000000000000000000000000000000000011111000000000000000000000000000000000000000000000000000000
0000000000000000000000000000000000000000001111100000000000000000000000000000000000000000000000000000000000000000000000000000000000000000000000000000000000000000000000000000000000000000000000111110000000000000000000000000000000000000000000000000000000
0000000000000000000000000000000000000000001111000000000000000000000000000000000000000000000000000000000000000000000000000000000000000000000000000000000000000000000000000000000000000000000000111100000000000000000000000000000000000000000000000000000000
0000000000000000000000000000000000000000011111000000000000000000000000000000000000000000000000000000000000000000000000000000000000000000000000000000000000000000000000000000000000000000000000111100000000000000000000000000000000000000000000000000000000
0000000000000000000000000000000000000000111110000000000000000000000000000000000000000000000000000000000000000000000000000000000000000000000000000000000000000000000000000000000000000000000001111100000000000000000000000000000000000000000000000000000000
0000000000000000000000000000000000000000111100000000000000000000000000000000000000000000000000000000000000000000000000000000000000000000000000000000000000000000000000000000000000000000000011110000000000000000000000000000000000000000000000000000000000
0000000000000000000000000000000000000000111100000000000000000000000000000000000000000000000000000000000000000000000000000000000000000000000000000000000000000000000000000000000000000000000011110000000000000000000000000000000000000000000000000000000000
0000000000000000000000000000000000000011111100000000000000000000000000000000000000000000000000000000000000000000000000000000000000000000000000000000000000000000000000000000000000000000000111110000000000000000000000000000000000000000000000000000000000
0000000000000000000000000000000000000011110000000000000000000000000000000000000000000000000000000000000000000000000000000000000000000000000000000000000000000000000000000000000000000000001111100000000000000000000000000000000000000000000000000000000000
0000000000000000000000000000000000000011110000000000000000000000000000000000000000000000000000000000000000000000000000000000000000000000000000000000000000000000000000000000000000000000001111000000000000000000000000000000000000000000000000000000000000
0000000000000000000000000000000000000111110000000000000000000000000000000000000000000000000000000000000000000000000000000000000000000000000000000000000000000000000000000000000000000000001111000000000000000000000000000000000000000000000000000000000000
0000000000000000000000000000000000001111100000000000000000000000000000000000000000000000000000000000000000000000000000000000000000000000000000000000000000000000000000000000000000000000011111000000000000000000000000000000000000000000000000000000000000
0000000000000000000000000000000000001111000000000000000000000000000000000000000000000000000000000000000000000000000000000000000000000000000000000000000000000000000000000000000000000000111110000000000000000000000000000000000000000000000000000000000000
0000000000000000000000000000000000001111000000000000000000000000000000000000000000000000000000000000000000000000000000000000000000000000000000000000000000000000000000000000000000000000111100000000000000000000000000000000000000000000000000000000000000
0000000000000000000000000000000000111111000000000000000000000000000000000000000000000000000000000000000000000000000000000000000000000000000000000000000000000000000000000000000000000001111100000000000000000000000000000000000000000000000000000000000000
0000000000000000000000000000000000111100000000000000000000000000000000000000000000000000000000000000000000000000000000000000000000000000000000000000000000000000000000000000000000000011111000000000000000000000000000000000000000000000000000000000000000
0000000000000000000000000000000000111100000000000000000000000000000000000000000000000000000000000000000000000000000000000000000000000000000000000000000000000000000000000000000000000011110000000000000000000000000000000000000000000000000000000000000000
0000000000000000000000000000000001111100000000000000000000000000000000000000000000000000000000000000000000000000000000000000000000000000000000000000000000000000000000000000000000000011110000000000000000000000000000000000000000000000000000000000000000
0000000000000000000000000000000011111000000000000000000000000000000000000000000000000000000000000000000000000000000000000000000000000000000000000000000000000000000000000000000000001111110000000000000000000000000000000000000000000000000000000000000000
0000000000000000000000000000000011110000000000000000000000000000000000000000000000000000000000000000000000000000000000000000000000000000000000000000000000000000000000000000000000001111000000000000000000000000000000000000000000000000000000000000000000
0000000000000000000000000000000011110000000000000000000000000000000000000000000000000000000000000000000000000000000000000000000000000000000000000000000000000000000000000000000000001111000000000000000000000000000000000000000000000000000000000000000000
0000000000000000000000000000001111110000000000000000000000000000000000000000000000000000000000000000000000000000000000000000000000000000000000000000000000000000000000000000000000011111000000000000000000000000000000000000000000000000000000000000000000
0000000000000000000000000000001111000000000000000000000000000000000000000000000000000000000000000000000000000000000000000000000000000000000000000000000000000000000000000000000000111110000000000000000000000000000000000000000000000000000000000000000000
0000000000000000000000000000001111000000000000000000000000000000000000000000000000000000000000000000000000000000000000000000000000000000000000000000000000000000000000000000000000111100000000000000000000000000000000000000000000000000000000000000000000
0000000000000000000000000000011111000000000000000000000000000000000000000000000000000000000000000000000000000000000000000000000000000000000000000000000000000000000000000000000000111100000000000000000000000000000000000000000000000000000000000000000000
0000000000000000000000000000111110000000000000000000000000000000000000000000000000000000000000000000000000000000000000000000000000000000000000000000000000000000000000000000000011111100000000000000000000000000000000000000000000000000000000000000000000
0000000000000000000000000000111100000000000000000000000000000000000000000000000000000000000000000000000000000000000000000000000000000000000000000000000000000000000000000000000011110000000000000000000000000000000000000000000000000000000000000000000000
0000000000000000000000000000111100000000000000000000000000000000000000000000000000000000000000000000000000000000000000000000000000000000000000000000000000000000000000000000000011110000000000000000000000000000000000000000000000000000000000000000000000
0000000000000000000000000011111100000000000000000000000000000000000000000000000000000000000000000000000000000000000000000000000000000000000000000000000000000000000000000000000111110000000000000000000000000000000000000000000000000000000000000000000000
0000000000000000000000000011110000000000000000000000000000000000000000000000000000000000000000000000000000000000000000000000000000000000000000000000000000000000000000000000001111100000000000000000000000000000000000000000000000000000000000000000000000
0000000000000000000000000011110000000000000000000000000000000000000000000000000000000000000000000000000000000000000000000000000000000000000000000000000000000000000000000000001111000000000000000000000000000000000000000000000000000000000000000000000000
0000000000000000000000000111110000000000000000000000000000000000000000000000000000000000000000000000000000000000000000000000000000000000000000000000000000000000000000000000001111000000000000000000000000000000000000000000000000000000000000000000000000
0000000000000000000000001111100000000000000000000000000000000000000000000000000000000000000000000000000000000000000000000000000000000000000000000000000000000000000000000000111111000000000000000000000000000000000000000000000000000000000000000000000000
0000000000000000000000001111000000000000000000000000000000000000000000000000000000000000000000000000000000000000000000000000000000000000000000000000000000000000000000000000111100000000000000000000000000000000000000000000000000000000000000000000000000
0000000000000000000000001111000000000000000000000000000000000000000000000000000000000000000000000000000000000000000000000000000000000000000000000000000000000000000000000000111100000000000000000000000000000000000000000000000000000000000000000000000000
0000000000000000000000111111000000000000000000000000000000000000000000000000000000000000000000000000000000000000000000000000000000000000000000000000000000000000000000000001111100000000000000000000000000000000000000000000000000000000000000000000000000
0000000000000000000000111100000000000000000000000000000000000000000000000000000000000000000000000000000000000000000000000000000000000000000000000000000000000000000000000011111000000000000000000000000000000000000000000000000000000000000000000000000000
0000000000000000000000111100000000000000000000000000000000000000000000000000000000000000000000000000000000000000000000000000000000000000000000000000000000000000000000000011110000000000000000000000000000000000000000000000000000000000000000000000000000
0000000000000000000001111100000000000000000000000000000000000000000000000000000000000000000000000000000000000000000000000000000000000000000000000000000000000000000000000011110000000000000000000000000000000000000000000000000000000000000000000000000000
0000000000000000000011111000000000000000000000000000000000000000000000000000000000000000000000000000000000000000000000000000000000000000000000000000000000000000000000001111100000000000000000000000000000000000000000000000000000000000000000000000000000
0000000000000000000011110000000000000000000000000000000000000000000000000000000000000000000000000000000000000000000000000000000000000000000000000000000000000000000000001111000000000000000000000000000000000000000000000000000000000000000000000000000000
0000000000000000000111110000000000000000000000000000000000000000000000000000000000000000000000000000000000000000000000000000000000000000000000000000000000000000000000001111000000000000000000000000000000000000000000000000000000000000000000000000000000
0000000000000000001111100000000000000000000000000000000000000000000000000000000000000000000000000000000000000000000000000000000000000000000000000000000000000000000000011111000000000000000000000000000000000000000000000000000000000000000000000000000000
0000000000000000001111000000000000000000000000000000000000000000000000000000000000000000000000000000000000000000000000000000000000000000000000000000000000000000000000111110000000000000000000000000000000000000000000000000000000000000000000000000000000
0000000000000000001111000000000000000000000000000000000000000000000000000000000000000000000000000000000000000000000000000000000000000000000000000000000000000000000000111100000000000000000000000000000000000000000000000000000000000000000000000000000000
0000000000000000011111000000000000000000000000000000000000000000000000000000000000000000000000000000000000000000000000000000000000000000000000000000000000000000000000111100000000000000000000000000000000000000000000000000000000000000000000000000000000
0000000000000000111110000000000000000000000000000000000000000000000000000000000000000000000000000000000000000000000000000000000000000000000000000000000000000000000011111100000000000000000000000000000000000000000000000000000000000000000000000000000000
0000000000000000111100000000000000000000000000000000000000000000000000000000000000000000000000000000000000000000000000000000000000000000000000000000000000000000000011110000000000000000000000000000000000000000000000000000000000000000000000000000000000
0000000000000000111110000000000000000000000000000000000000000000000000000000000000000000000000000000000000000000000000000000000000000000000000000000000000000000000011110000000000000000000000000000000000000000000000000000000000000000000000000000000000
0000000000000001111111100000000000000000000000000000000000000000000000000000000000000000000000000000000000000000000000000000000000000000000000000000000000000000000111110000000000000000000000000000000000000000000000000000000000000000000000000000000000
0000000000000001011111101000000000000000000000000000000000000000000000000000000000000000000000000000000000000000000000000000000000000000000000000000000000000000001111100000000000000000000000000000000000000000000000000000000000000000000000000000000000
0000000000000000010111111010000000000000000000000000000000000000000000000000000000000000000000000000000000000000000000000000000000000000000000000000000000000000001111000000000000000000000000000000000000000000000000000000000000000000000000000000000000
0000000000000000000101111110100000000000000000000000000000000000000000000000000000000000000000000000000000000000000000000000000000000000000000000000000000000000011111000000000000000000000000000000000000000000000000000000000000000000000000000000000000
0000000000000000000001111111100000000000000000000000000000000000000000000000000000000000000000000000000000000000000000000000000000000000000000000000000000000000111110000000000000000000000000000000000000000000000000000000000000000000000000000000000000
0000000000000000000000011111111000000000000000000000000000000000000000000000000000000000000000000000000000000000000000000000000000000000000000000000000000000000111100000000000000000000000000000000000000000000000000000000000000000000000000000000000000
0000000000000000000000000111111110000000000000000000000000000000000000000000000000000000000000000000000000000000000000000000000000000000000000000000000000000000111100000000000000000000000000000000000000000000000000000000000000000000000000000000000000
0000000000000000000000000001111111100000000000000000000000000000000000000000000000000000000000000000000000000000000000000000000000000000000000000000000000000001111100000000000000000000000000000000000000000000000000000000000000000000000000000000000000
0000000000000000000000000000011111111000000000000000000000000000000000000000000000000000000000000000000000000000000000000000000000000000000000000000000000000011111000000000000000000000000000000000000000000000000000000000000000000000000000000000000000
0000000000000000000000000000010111111010000000000000000000000000000000000000000000000000000000000000000000000000000000000000000000000000000000000000000000000011110000000000000000000000000000000000000000000000000000000000000000000000000000000000000000
0000000000000000000000000000000101111110100000000000000000000000000000000000000000000000000000000000000000000000000000000000000000000000000000000000000000000111110000000000000000000000000000000000000000000000000000000000000000000000000000000000000000
0000000000000000000000000000000001011111100000000000000000000000000000000000000000000000000000000000000000000000000000000000000000000000000000000000000000001111100000000000000000000000000000000000000000000000000000000000000000000000000000000000000000
0000000000000000000000000000000000011111111000000000000000000000000000000000000000000000000000000000000000000000000000000000000000000000000000000000000000001111000000000000000000000000000000000000000000000000000000000000000000000000000000000000000000
0000000000000000000000000000000000000111111110000000000000000000000000000000000000000000000000000000000000000000000000000000000000000000000000000000000000001111000000000000000000000000000000000000000000000000000000000000000000000000000000000000000000
0000000000000000000000000000000000000001111111100000000000000000000000000000000000000000000000000000000000000000000000000000000000000000000000000000000000011111000000000000000000000000000000000000000000000000000000000000000000000000000000000000000000
0000000000000000000000000000000000000000011111111000000000000000000000000000000000000000000000000000000000000000000000000000000000000000000000000000000000111110000000000000000000000000000000000000000000000000000000000000000000000000000000000000000000
0000000000000000000000000000000000000000010111111010000000000000000000000000000000000000000000000000000000000000000000000000000000000000000000000000000000111100000000000000000000000000000000000000000000000000000000000000000000000000000000000000000000
0000000000000000000000000000000000000000000101111110100000000000000000000000000000000000000000000000000000000000000000000000000000000000000000000000000001111100000000000000000000000000000000000000000000000000000000000000000000000000000000000000000000
0000000000000000000000000000000000000000000001011111101000000000000000000000000000000000000000000000000000000000000000000000000000000000000000000000000011111000000000000000000000000000000000000000000000000000000000000000000000000000000000000000000000
0000000000000000000000000000000000000000000000010111111000000000000000000000000000000000000000000000000000000000000000000000000000000000000000000000000011110000000000000000000000000000000000000000000000000000000000000000000000000000000000000000000000
0000000000000000000000000000000000000000000000000111111110000000000000000000000000000000000000000000000000000000000000000000000000000000000000000000000011110000000000000000000000000000000000000000000000000000000000000000000000000000000000000000000000
0000000000000000000000000000000000000000000000000001111111100000000000000000000000000000000000000000000000000000000000000000000000000000000000000000000111110000000000000000000000000000000000000000000000000000000000000000000000000000000000000000000000
0000000000000000000000000000000000000000000000000000011111111000000000000000000000000000000000000000000000000000000000000000000000000000000000000000001111000000000000000000000000000000000000000000000000000000000000000000000000000000000000000000000000
0000000000000000000000000000000000000000000000000000000111111110000000000000000000000000000000000000000000000000000000000000000000000000000000000000001111000000000000000000000000000000000000000000000000000000000000000000000000000000000000000000000000
0000000000000000000000000000000000000000000000000000000101111110100000000000000000000000000000000000000000000000000000000000000000000000000000000000011111000000000000000000000000000000000000000000000000000000000000000000000000000000000000000000000000
0000000000000000000000000000000000000000000000000000000001011111101000000000000000000000000000000000000000000000000000000000000000000000000000000000111110000000000000000000000000000000000000000000000000000000000000000000000000000000000000000000000000
0000000000000000000000000000000000000000000000000000000000010111111010000000000000000000000000000000000000000000000000000000000000000000000000000000111100000000000000000000000000000000000000000000000000000000000000000000000000000000000000000000000000
0000000000000000000000000000000000000000000000000000000000000111111110000000000000000000000000000000000000000000000000000000000000000000000000000000111100000000000000000000000000000000000000000000000000000000000000000000000000000000000000000000000000
0000000000000000000000000000000000000000000000000000000000000001111111100000000000000000000000000000000000000000000000000000000000000000000000000001111100000000000000000000000000000000000000000000000000000000000000000000000000000000000000000000000000
0000000000000000000000000000000000000000000000000000000000000000011111111000000000000000000000000000000000000000000000000000000000000000000000000011111000000000000000000000000000000000000000000000000000000000000000000000000000000000000000000000000000
0000000000000000000000000000000000000000000000000000000000000000000111111110000000000000000000000000000000000000000000000000000000000000000000000011110000000000000000000000000000000000000000000000000000000000000000000000000000000000000000000000000000
0000000000000000000000000000000000000000000000000000000000000000000001111111100000000000000000000000000000000000000000000000000000000000000000000111110000000000000000000000000000000000000000000000000000000000000000000000000000000000000000000000000000
0000000000000000000000000000000000000000000000000000000000000000000001011111101000000000000000000000000000000000000000000000000000000000000000001111100000000000000000000000000000000000000000000000000000000000000000000000000000000000000000000000000000
0000000000000000000000000000000000000000000000000000000000000000000000010111111010000000000000000000000000000000000000000000000000000000000000001111000000000000000000000000000000000000000000000000000000000000000000000000000000000000000000000000000000
0000000000000000000000000000000000000000000000000000000000000000000000000101111110100000000000000000000000000000000000000000000000000000000000001111000000000000000000000000000000000000000000000000000000000000000000000000000000000000000000000000000000
0000000000000000000000000000000000000000000000000000000000000000000000000001011111100000000000000000000000000000000000000000000000000000000000111111000000000000000000000000000000000000000000000000000000000000000000000000000000000000000000000000000000
0000000000000000000000000000000000000000000000000000000000000000000000000000011111111000000000000000000000000000000000000000000000000000000000111100000000000000000000000000000000000000000000000000000000000000000000000000000000000000000000000000000000
0000000000000000000000000000000000000000000000000000000000000000000000000000000111111110000000000000000000000000000000000000000000000000000000111100000000000000000000000000000000000000000000000000000000000000000000000000000000000000000000000000000000
0000000000000000000000000000000000000000000000000000000000000000000000000000000001111111100000000000000000000000000000000000000000000000000001111100000000000000000000000000000000000000000000000000000000000000000000000000000000000000000000000000000000
0000000000000000000000000000000000000000000000000000000000000000000000000000000000011111111000000000000000000000000000000000000000000000000011111000000000000000000000000000000000000000000000000000000000000000000000000000000000000000000000000000000000
0000000000000000000000000000000000000000000000000000000000000000000000000000000000010111111010000000000000000000000000000000000000000000000011110000000000000000000000000000000000000000000000000000000000000000000000000000000000000000000000000000000000
0000000000000000000000000000000000000000000000000000000000000000000000000000000000000101111110100000000000000000000000000000000000000000000011110000000000000000000000000000000000000000000000000000000000000000000000000000000000000000000000000000000000
0000000000000000000000000000000000000000000000000000000000000000000000000000000000000001011111101000000000000000000000000000000000000000001111110000000000000000000000000000000000000000000000000000000000000000000000000000000000000000000000000000000000
0000000000000000000000000000000000000000000000000000000000000000000000000000000000000000011111111000000000000000000000000000000000000000001111000000000000000000000000000000000000000000000000000000000000000000000000000000000000000000000000000000000000
0000000000000000000000000000000000000000000000000000000000000000000000000000000000000000000111111110000000000000000000000000000000000000001111000000000000000000000000000000000000000000000000000000000000000000000000000000000000000000000000000000000000
0000000000000000000000000000000000000000000000000000000000000000000000000000000000000000000001111111100000000000000000000000000000000000011111000000000000000000000000000000000000000000000000000000000000000000000000000000000000000000000000000000000000
0000000000000000000000000000000000000000000000000000000000000000000000000000000000000000000000011111111000000000000000000000000000000000111110000000000000000000000000000000000000000000000000000000000000000000000000000000000000000000000000000000000000
0000000000000000000000000000000000000000000000000000000000000000000000000000000000000000000000000111111010000000000000000000000000000000111100000000000000000000000000000000000000000000000000000000000000000000000000000000000000000000000000000000000000
0000000000000000000000000000000000000000000000000000000000000000000000000000000000000000000000000101111110100000000000000000000000000000111100000000000000000000000000000000000000000000000000000000000000000000000000000000000000000000000000000000000000
0000000000000000000000000000000000000000000000000000000000000000000000000000000000000000000000000001011111101000000000000000000000000011111100000000000000000000000000000000000000000000000000000000000000000000000000000000000000000000000000000000000000
0000000000000000000000000000000000000000000000000000000000000000000000000000000000000000000000000000011111111000000000000000000000000011110000000000000000000000000000000000000000000000000000000000000000000000000000000000000000000000000000000000000000
0000000000000000000000000000000000000000000000000000000000000000000000000000000000000000000000000000000111111110000000000000000000000011110000000000000000000000000000000000000000000000000000000000000000000000000000000000000000000000000000000000000000
0000000000000000000000000000000000000000000000000000000000000000000000000000000000000000000000000000000001111111100000000000000000000111110000000000000000000000000000000000000000000000000000000000000000000000000000000000000000000000000000000000000000
0000000000000000000000000000000000000000000000000000000000000000000000000000000000000000000000000000000000011111111000000000000000001111100000000000000000000000000000000000000000000000000000000000000000000000000000000000000000000000000000000000000000
0000000000000000000000000000000000000000000000000000000000000000000000000000000000000000000000000000000000000111111110000000000000001111000000000000000000000000000000000000000000000000000000000000000000000000000000000000000000000000000000000000000000
0000000000000000000000000000000000000000000000000000000000000000000000000000000000000000000000000000000000000001111110100000000000001111000000000000000000000000000000000000000000000000000000000000000000000000000000000000000000000000000000000000000000
0000000000000000000000000000000000000000000000000000000000000000000000000000000000000000000000000000000000000001011111101000000000111111000000000000000000000000000000000000000000000000000000000000000000000000000000000000000000000000000000000000000000
0000000000000000000000000000000000000000000000000000000000000000000000000000000000000000000000000000000000000000010111111010000000111100000000000000000000000000000000000000000000000000000000000000000000000000000000000000000000000000000000000000000000
0000000000000000000000000000000000000000000000000000000000000000000000000000000000000000000000000000000000000000000111111110000000111100000000000000000000000000000000000000000000000000000000000000000000000000000000000000000000000000000000000000000000
0000000000000000000000000000000000000000000000000000000000000000000000000000000000000000000000000000000000000000000001111111100001111100000000000000000000000000000000000000000000000000000000000000000000000000000000000000000000000000000000000000000000
0000000000000000000000000000000000000000000000000000000000000000000000000000000000000000000000000000000000000000000000011111111011111000000000000000000000000000000000000000000000000000000000000000000000000000000000000000000000000000000000000000000000
0000000000000000000000000000000000000000000000000000000000000000000000000000000000000000000000000000000000000000000000000111111111110000000000000000000000000000000000000000000000000000000000000000000000000000000000000000000000000000000000000000000000
0000000000000000000000000000000000000000000000000000000000000000000000000000000000000000000000000000000000000000000000000001111111110000000000000000000000000000000000000000000000000000000000000000000000000000000000000000000000000000000000000000000000
0000000000000000000000000000000000000000000000000000000000000000000000000000000000000000000000000000000000000000000000000000011111100000000000000000000000000000000000000000000000000000000000000000000000000000000000000000000000000000000000000000000000
0000000000000000000000000000000000000000000000000000000000000000000000000000000000000000000000000000000000000000000000000000010101000000000000000000000000000000000000000000000000000000000000000000000000000000000000000000000000000000000000000000000000
